[-0.14476106  0.4970915   0.35682338  0.07157997 -0.12171429 -0.2692355
 -0.3357022  -0.17374034  0.29724038  0.04530834  0.2550816  -0.09357267
 -0.12885363 -0.5144542   0.19737452 -0.7105417   0.03106746  0.06787466
 -0.42550993 -0.17513558  0.10391539  0.55737835 -0.20866185  0.34625527
 -0.10172186  0.07525273 -0.7444038   0.09228265  0.27722797  0.1488236
  0.32770967 -0.01553324  0.00851398  0.1294254  -0.92879975 -0.10177542
  0.45849425 -0.11493998 -0.0424857  -0.14640875 -0.32658988 -0.23288149
  0.11006787 -0.18320063 -0.15434138 -0.23144136 -0.02505145 -0.13518679
 -0.09270402  0.18574202  0.04634894 -0.0863774   0.27101347 -0.02514424
 -0.29569706 -0.09991337 -0.04464819 -0.23838733  0.3124585   0.48102546
  0.16010727 -0.38765574  0.13305216  0.341418  ]
[-0.18895158  0.26408187  0.22164509 -0.01166472  0.29155397  0.17490412
 -0.2015674  -0.1352207   0.6350273  -0.17881128 -0.2704924  -0.08314461
  0.47105315 -0.18007292 -0.24073985 -0.23652579  0.05846898  0.331931
 -0.07741634  0.11930762 -0.24640818 -0.17954457 -0.00445558  0.2778622
  0.26033965 -0.04063779  0.01034551  0.13425595  0.28346962 -0.50635517
  0.5884787  -0.09562571  0.02080087 -0.25335324  0.08828559  0.07046901
 -0.01976412 -0.3687866  -0.12298444 -0.17576003  0.07470666  0.20088992
 -0.41659293 -0.04096672 -0.52210957  0.06559394  0.23657852  0.6002122
  0.49234366 -0.00080746 -0.02100483  0.24003099  0.3380077  -0.06706119
  0.61657995 -0.12628639  0.11356009  0.0001064  -0.4475453  -0.12066334
 -0.04535082  0.26136884 -0.3501065  -0.07772615]
[ 0.04226105  0.07818998  0.1597553  -0.24110858 -0.03054843  0.43968782
  0.09091    -0.7229175   0.13459371 -0.7515863   0.29932678 -0.12132046
  0.30469832 -0.6384031   0.3597398   0.83638406  1.0521619   0.33446732
  0.30043656 -0.03286595 -0.2707396   0.2531783   0.1251783   0.5188305
 -0.14045367  0.28954986  0.38559163 -0.71672153 -0.640281   -0.20394248
  0.3719617  -0.13840182 -0.8804577   0.08045615 -0.0488155  -0.0331515
  0.03726346 -0.01124476  0.17531568 -0.03335397  0.13517874 -0.5270596
  0.3316114   0.18133005 -0.00120447 -0.15981258  0.530948    0.3314144
  0.17780727  0.05854069  0.24652779  0.26572567  0.66220605 -0.56575185
 -0.35045588 -0.6376703  -0.08177351  0.6319494   0.30960763 -0.22799774
  0.14080827  0.01345995 -0.3103033   0.10723504]
[ 0.00570288 -0.06219702  0.04445453  0.04585928 -0.12627564 -0.20561793
  0.03773037 -0.18917291  0.03743914  0.11712192  0.01073223 -0.13128604
  0.1438517   0.20402177 -0.00692251 -0.03541042 -0.0270027   0.22944228
  0.08911822  0.21273117 -0.0166457   0.0449703  -0.0879138   0.13597192
 -0.18073896  0.21514274 -0.13282903 -0.10480558 -0.18057857  0.09692937
  0.1067559  -0.15493572 -0.17423259  0.11076869 -0.04324177 -0.03357903
 -0.15673035  0.00580184  0.01704215  0.13683751 -0.07335509  0.11481529
  0.10339809 -0.08723656  0.08392378  0.14076683 -0.04948423 -0.18683566
  0.05115692  0.19687827 -0.05870017  0.03433396 -0.03002236 -0.0109494
  0.10705224 -0.02791975  0.03485142 -0.22431852  0.10814944  0.04966593
  0.02128193  0.06502234 -0.10458869  0.10960529]
[ 0.14479782  0.39995918 -0.39234018 -0.05104222  0.0607194   0.02183188
  0.17164356  0.00406019  0.0729145   0.18676785 -0.08200227 -0.3928078
  0.47958806  0.10389932 -0.26900148  0.5191376   0.07752378  0.16080068
  0.13621286 -0.22959158 -0.03641314  0.13366951 -0.03160382 -0.27249026
  0.29666305 -0.10607314 -0.5006128  -0.2645722  -0.23517087  0.50557995
  0.1551344   0.01119461 -0.05382157 -0.3684145   0.13473216 -0.16857691
  0.21301554  0.20223516 -0.3304504  -0.09548628 -0.16118774 -0.07963348
  0.0788167  -0.12157161 -0.10645258 -0.09005085  0.01697925 -0.43436804
 -0.23724832  0.31351015 -0.3031874  -0.13845935  0.28339943 -0.00935343
 -0.49407747 -0.15087613 -0.42600682  0.15849403  0.03740393 -0.05473274
 -0.4479828   0.19190821 -0.16353042  0.29990372]
[ 0.11098061 -0.35651413  0.1254068  -0.15975425  0.00069748  0.02409666
 -0.12165568 -0.03036233 -0.41141492 -0.3652283  -0.05318012  0.1761576
 -0.23359013  0.097956    0.06124329 -0.6984332  -0.14714439 -0.12913522
  0.20391464  0.00291291 -0.15775292  0.23822215 -0.26217127  0.15632921
  0.36289734  0.35970953  0.35042545  0.16791658 -0.09776182  0.2979738
 -0.19604395  0.05058491 -0.25595385 -0.30461472 -0.32367608 -0.2232584
 -0.74353147 -0.0667035   0.00134534 -0.37872505  0.29217482  0.20283885
  0.01110135  0.15438893  0.2255052  -0.18730517  0.1275263   0.03394821
  0.11065768 -0.30295384  0.46322083 -0.23496765  0.14871602  0.25216556
 -0.06140457  0.22939032  0.0228229   0.5132138   0.2611455  -0.29367745
  0.12578636 -0.10167734 -0.00471497 -0.02407067]
[ 0.01088563 -0.07825196 -0.1700545   0.08895481 -0.07108921 -0.03666696
  0.25086674  0.4338561  -0.23215051  0.02952134 -0.18771993  0.09989209
  0.0175809  -0.25207826 -0.01454755  0.04647245 -0.19284892  0.08711279
  0.05734545  0.11726994  0.24200387 -0.0178431   0.03793261 -0.13002673
  0.22207624  0.6291493   0.07851423  0.3197067  -0.07703841 -0.07702488
 -0.6654035   0.05913642  0.22045863 -0.11166208 -0.21197668 -0.12526238
 -0.21700767  0.04300886  0.5306362   0.49423486  0.04881638  0.28776765
 -0.00586505 -0.31506005  0.05707303  0.1564328   0.07839557 -0.43608165
  0.27976558 -0.07818927  0.29450592 -0.11854394 -0.04114306 -0.28245866
 -0.76392835 -0.21220411  0.18350953  0.17869566  0.5973121  -0.09903743
 -0.00105538  0.17233065  0.15184014  0.04165151]
[ 0.06685849 -0.15671146  0.24697441  0.02684731 -0.05792815  0.17950149
 -0.1251114   0.2628645   0.03371568 -0.41369963  0.26558927 -0.04392144
 -0.18704778 -0.17900257 -0.06079422  0.23391055  0.25279504  0.39895436
  0.1501956   0.15180095 -0.03756332  0.11031207 -0.1980515   0.11486463
  0.21792717  0.31219396  0.04232207 -0.2006929   0.03569588 -0.2227012
 -0.18746057 -0.1139794  -0.3617613  -0.6145396  -0.37300065 -0.03950975
 -0.08141217  0.24887933 -0.18647046  0.36841094  0.2613939  -0.22997268
 -0.60371184  0.01700314 -0.40570992  0.09547629  0.12319301  0.31211546
  0.26561552  0.39574012  0.12863435  0.08990514  0.36606374 -0.18934037
 -0.16085109 -0.23479432 -0.32287347  0.05911035  0.06438697 -0.22347634
  0.09226009  0.4867498  -0.38385788  0.1017767 ]
[ 0.06955089  0.08852567 -0.16835687 -0.0891434  -0.1398028   0.20933664
  0.21597989  0.17674416 -0.17283972  0.08885272 -0.02276976 -0.04255098
  0.02133301  0.10220011 -0.11723696  0.08184174 -0.11715437  0.19608988
  0.20172775  0.0461986  -0.13076393  0.13782014  0.16501874 -0.1368425
 -0.10950061  0.0827349   0.01649646  0.01298573  0.02674246 -0.1773704
  0.192521   -0.0942997   0.16275355 -0.21759433  0.01792773 -0.0436043
  0.18572277 -0.17830473 -0.18084033  0.02959014  0.11762011  0.05170865
 -0.11787245  0.1095696   0.09437238 -0.00767255  0.17575479 -0.12106617
  0.08595277 -0.07304497  0.17720489 -0.13148572 -0.0897255  -0.09657648
  0.15276322  0.01056797  0.03733266 -0.17008808  0.13293393  0.05972149
  0.02923765  0.16362585  0.07568264  0.09604828]
[-0.17608216  0.46092454 -0.44834253 -0.30906054  0.7317621   0.1166453
 -0.14439249 -0.17188805 -0.09681166  0.17268908  0.3488218  -0.17427786
  0.21293521 -0.4641363  -0.13601764  0.17441563 -0.16530941  0.30777302
 -0.51606977  0.2918355  -0.00963907  0.3823106   0.1170302   0.42715514
  0.3000579   0.07042794 -0.33075193 -0.22317846 -0.39431873 -0.24427503
  0.917247    0.02313588  0.00237256  0.22743721 -0.37863517 -0.14308687
  0.35533717 -0.33355275 -0.02128825  0.09953554 -0.40198094 -0.02751882
  0.21852936 -0.15134285  0.01546371  0.11633649 -0.36402252  0.07045467
 -0.04344921  0.2549389  -0.29608566  0.13105904  0.11876936  0.10486688
  0.28684437  0.5033646   0.3485747   0.16844037  0.19983333  0.6023379
 -0.4598836   0.09402753  0.25782424  0.22612584]
[ 0.0004237  -0.0432006  -0.09206303 -0.5058931   0.09140446  0.20525846
  0.4417439  -0.3768759   0.60419977  0.1710751   0.26943013  0.167124
  0.40032122 -0.46396056 -0.11375801  0.33811635  0.41463843  0.46016157
  0.10246031  0.2393962  -0.3936179   0.28109497  0.07940504 -0.14843476
 -0.11534626 -0.47552526  0.07436273 -0.14982268  0.19140123  0.21280022
 -0.2689859  -0.12251499 -0.08591069 -0.32683766  0.3870422  -0.1153872
 -0.48061144  0.12407595 -0.36307636  0.3434228   0.14891726  0.08367178
 -0.20184295 -0.24436684  0.03656511  0.1422635  -0.06008475  0.09781228
  0.28713477  0.06933109  0.13924778  0.34057444  0.42587948  0.02526966
 -0.866576   -0.6510859  -0.15073915 -0.38871777  0.18725519  0.3470982
 -0.23921025  0.27607957 -0.6665628  -0.21738571]
[ 0.14848681  0.1293314   0.12155218 -0.02850467  0.08277015 -0.1668273
 -0.29830956  0.03021104  0.1101994   0.03285029  0.76693946 -0.06436872
 -0.07921864 -0.0081843   0.0284434   0.01302488  0.24092327  0.31881744
  0.19213617  0.19786803 -0.09926669 -0.19581114 -0.01762554  0.30115557
  0.17329082  0.15257347 -0.05067094 -0.21948136 -0.02660818  0.03659181
  0.501333   -0.17482643  0.12894966 -0.34727597  0.05165724 -0.00788278
  0.11012207 -0.23199509  0.01245972  0.1515392  -0.25997612 -0.2779178
  0.41149145 -0.24376859 -0.02276425  0.04647116 -0.33298337  0.20581047
  0.01589562  0.24613409  0.09485233  0.10022857  0.35784116  0.01355027
 -0.06623821 -0.5347498  -0.18243156  0.243993    0.2071218   0.4789817
  0.11563989 -0.23220402  0.00937496  0.14453171]
[-0.19009061 -0.03587162 -0.06145633  0.22977757  0.01659668  0.1859984
  0.04685552  0.38526198  0.19293778 -0.06850153  0.07898464  0.10180465
  0.3230428   0.32384464  0.10785515  0.04363513 -0.13882448  0.05191246
  0.20740505 -0.39330015 -0.14636646  0.01933748  0.0916316   0.04748659
  0.39389274 -0.21170767  0.07020309 -0.13415366  0.02093948  0.46652806
  0.2673933   0.02115086  0.05584348  0.06090714 -0.09038074 -0.17304794
 -0.09684959  0.14040855  0.29989707 -0.13308553 -0.22905427  0.23297332
 -0.17794433 -0.2060449   0.3304067  -0.17518929  0.3588347  -0.11580902
 -0.09278644 -0.33487746 -0.16798322 -0.21290478  0.03454631  0.17153996
 -0.00353258 -0.02479755  0.1432961   0.41654348  0.05690309  0.11491685
  0.00677261 -0.1541994   0.19346449  0.07888046]
[ 0.18167914  0.03732161  0.42428154 -0.09779903  0.06063325 -0.22116202
 -0.5160437   0.04170535 -0.13416459 -0.02902486 -0.16961151  0.21270396
 -0.2095519  -0.05173127  0.05021522 -0.46926808 -0.02193267  0.16244969
 -0.00952212 -0.38384414 -0.05829791  0.1887539  -0.04720079  0.15016043
 -0.16057596 -0.06813222  0.13611206 -0.01349997  0.0962329  -0.2478553
 -0.19482829 -0.04142027  0.09948864  0.05573592 -0.32427624  0.12247631
  0.13314201  0.08739264  0.14942148 -0.00759461  0.10956083 -0.09139288
 -0.01016404  0.03739637  0.03998854 -0.07457216  0.46681896  0.01744892
  0.238935   -0.01220826 -0.159649    0.48291984  0.32789746 -0.02579902
  0.10557996  0.20990475  0.03354021 -0.16024576  0.03216483 -0.0384839
  0.40594658  0.23837753  0.14352232 -0.18331105]
[ 0.05803125  0.10661843 -0.06728552 -0.25872332 -0.12334208 -0.24615863
 -0.19080961 -0.09834842 -0.46722123  0.23124692 -0.04532631  0.25325462
 -0.49507955  0.14695537  0.25258315 -0.27160054 -0.18357445 -0.23906213
  0.02051573  0.1755705   0.01745921  0.18092342 -0.09117655 -0.17992374
 -0.04531156  0.044416    0.24700847  0.15273453 -0.01466059  0.46740693
  0.07404165  0.15591317 -0.06456155  0.1239152  -0.00876237 -0.20546545
 -0.08893743 -0.24434997  0.33734456  0.09440125 -0.03105635  0.9542487
  0.32140657  0.16336234  0.13079238 -0.16561875  0.09087739 -0.19470364
  0.0143963  -0.20448412  0.05966295 -0.0543944  -0.1174963   0.07994578
 -0.36149096 -0.24050166  0.40818375 -0.0710571  -0.09269057  0.08943973
  0.34774268  0.07997938  0.2058426   0.18427095]
[ 0.06239085 -0.24237444  0.23791021 -0.3299933  -0.6721782   0.10471462
  0.21189877  0.00874745  0.1387686   0.33515337  0.10856904  0.27119082
 -0.23347229  0.24519196  0.13941967  0.04271302 -0.24763736  0.29684106
  0.14770932  0.08950117 -0.1269552   0.24569066 -0.20588306 -0.20632283
  0.22266406  0.419172    0.01653232  0.0134243   0.1711057  -0.22882721
 -0.28104338  0.00299277 -0.11623941 -0.18600485 -0.2915168  -0.07274204
 -0.46337467 -0.00704323  0.21296199  0.2735695  -0.268159   -0.29331747
  0.7276421   0.2391375  -0.02648294  0.16673365 -0.03587325  0.11571966
 -0.11154421 -0.43277052  0.6915628  -0.08374319 -0.28119674  0.5186057
 -0.421727   -0.82491606 -0.09926374 -0.02633147  0.01330384 -0.3148866
  0.44445756  0.09935352  0.6556865   0.1860746 ]
[-0.23372592  0.33200887  0.02291559 -0.03873636  0.02893455  0.2488512
 -0.24893032 -0.6246956   0.00703885 -0.32524857  0.44157112 -0.1869668
  0.3818362   0.0968967   0.31479582  0.80468154  0.5103701  -0.07424753
 -0.5282383   0.15188037 -0.04260379  0.8846425  -0.25902316  0.05467523
 -0.14047709 -0.00108383 -0.9015129  -0.5991675  -0.11617874 -0.31389
 -0.82058567  0.13761428 -0.29023644 -0.81637657  0.24851647  0.14709592
  0.38422984 -0.0933822  -0.20997822  0.21610317 -0.06989355  0.12155706
 -0.15688635 -0.08966193 -0.5308556   0.00274623  0.72679466  0.2796783
  0.10104798 -0.6764181   0.16354169  0.07950795  0.37787345 -0.37271324
 -0.31192753 -0.34280545 -0.36054832 -0.30928418 -0.35119194  0.34109583
  0.0055736  -0.4827826  -0.11491018  0.20914552]
[-0.11752278 -0.18789335 -0.1997664  -0.6339752  -0.00681964  0.00131216
  0.04716219 -0.11884961  0.10555562 -0.13250957 -0.20886756  0.00173828
  0.04700767  0.00457382  0.1792253  -0.16130775 -0.5149165   0.11737486
 -0.08445239  0.18376248 -0.07970795 -0.02212217 -0.0845191  -0.11543725
 -0.02261219  0.18560709 -0.08590375  0.12113516  0.2699432   0.30341104
 -0.22145958 -0.19372661  0.24291603  0.00030099 -0.00767902 -0.19610788
  0.14008237  0.32010975 -0.13802443 -0.18271199 -0.0816201   0.07202105
 -0.50594246  0.21594451 -0.21621454  0.15876974 -0.26293272  0.04537281
  0.26317328 -0.05983708  0.00004452  0.19623578  0.11848418 -0.37674958
  0.36182466 -0.10940775  0.12407629 -0.01624771 -0.56615454  0.05928683
 -0.14607206  0.108634    0.00464863  0.3427312 ]
[-0.00833719 -0.14610866  0.30251873 -0.3047982   0.5558969  -0.16905929
  0.37794942  0.26201016  0.2692085  -0.28681785 -0.3703136   0.23555158
  0.12427469  0.39703068  0.32254437  0.11206393  0.3064755  -0.14251874
  0.13468952  0.18451928  0.2508491   0.484443   -0.09854766 -0.03095767
 -0.05457663  0.11909515 -0.2292381  -0.30730572 -0.06323051 -0.22443543
  0.26592827  0.17834748 -0.06404993  0.5669504   0.5499194  -0.16004817
  0.5464891   0.6107955  -0.3119738   0.51203567 -0.08031492  0.03693374
  0.41835973  0.08789866 -0.42398053 -0.02069283  0.3444123  -0.00049383
 -0.4092681   0.51678485 -0.04299064 -0.00797466 -0.03398934 -0.2865799
  0.03908154 -0.1673009   0.04284366  0.20402469  0.4955299   0.01590735
  0.3382724   0.43102872 -0.11054971  0.32663995]
[-0.20091447  0.23379898  0.14100142 -0.20696154 -0.06466364 -0.17734006
  0.18715246 -0.20122953 -0.15110452 -0.19608685 -0.02346864 -0.0591524
 -0.01723523  0.01404398  0.16705948 -0.04118906 -0.06928429  0.11335092
  0.13206118 -0.18509626  0.18583746 -0.06405752 -0.06229827  0.15801731
  0.211197    0.15532579 -0.03210934 -0.16199447 -0.21496116 -0.1762069
  0.01859723 -0.03217813  0.03744233  0.06056295  0.16918883 -0.03472084
  0.02889322  0.14380148  0.17371038  0.09172908  0.12385733 -0.14924115
 -0.19988796 -0.21358193 -0.139335    0.04397409 -0.07879261 -0.0075574
 -0.1446144  -0.16435078 -0.10347459  0.19723202  0.02938458  0.11057308
 -0.15792358  0.1948635   0.18462402 -0.21001662 -0.17239271 -0.0695191
 -0.03151993  0.19286788 -0.0807151  -0.00266933]
[-0.2016196   0.222008    0.21854867  0.25311455  0.1402621  -0.09940957
  0.04402652  0.07155643 -0.00325007 -0.15159354  0.00985751 -0.24945708
  0.10419165  0.04675458  0.18175444 -0.20157179 -0.04851555 -0.02640446
 -0.18776378 -0.01521507 -0.1346275  -0.06215896 -0.12089077 -0.10785885
  0.2307352  -0.20805274  0.22357275  0.12094338  0.19214457  0.12200624
  0.05882932 -0.18764843 -0.02884049 -0.1315337   0.02585932 -0.10772298
  0.22556783 -0.44984958 -0.03238404 -0.16189747  0.36044055 -0.09189706
 -0.2493906  -0.46946868  0.24592122 -0.21229145 -0.16142528 -0.01811806
  0.1700659   0.4679796  -0.41216904  0.0234698   0.33862984 -0.03024693
 -0.02457318  0.43451864 -0.08854459  0.03014348 -0.14835095  0.12178942
 -0.21035932 -0.06082133 -0.32027742  0.0547447 ]
[-0.0396416  -0.20487046  0.54045445 -0.41361898 -0.14359957 -0.50878495
 -0.00002345  0.17535305 -0.3581269  -0.42699778 -0.37456185  0.10230582
 -0.29850757 -0.5146911  -0.6255807  -0.0725292  -0.28926706 -0.00529362
  0.34786755 -0.29297394 -0.591502    0.10773348 -0.01592694 -0.46971568
  0.6087392  -0.23717056  0.298712   -0.21593346 -0.0812947   0.10285596
  0.07161757 -0.24384809  0.09721115 -0.461678    0.47496513  0.00710855
 -0.5902702  -0.15824655  0.04852175 -0.06780181  0.3737505  -0.03659941
 -0.22180337  0.1604554   0.41262847 -0.17325969  0.01584467  0.519904
  0.10692019  0.01811893  0.78593993  0.18911178  0.17147438  0.5059758
 -0.5392919  -0.12821282 -0.02716071  0.16522308 -0.03581388 -0.15738739
  0.09831247  0.22776215 -0.39150038  0.04142413]
[-0.21513848  0.09522235  0.01845393  0.23265794 -0.33605152  0.4095336
  0.00056088 -0.04084736 -0.5199275  -0.38934913 -0.09806923 -0.45666745
  0.31133702 -0.30956066 -0.31983712  0.01038215  0.12228354  0.11074864
 -0.21093059 -0.05013848  0.26066232  0.14733109 -0.19040753  0.66636676
  0.36232823  0.23852076  0.5878305  -0.09523924 -0.42364562 -0.04969892
 -0.1406962  -0.11833901 -0.07829008 -0.01884202  0.1182209   0.10696241
 -0.3844887  -0.26174968  0.36370212 -0.01878474  0.48160765  0.08583691
  0.7703882   0.12805516  0.23997389  0.00726088  0.34662485 -0.42147848
  0.5220177  -0.09846161 -0.00092442 -0.41191658  0.47014633  0.24401088
 -1.3009187  -0.358713    0.13092259  0.60689616  0.7707916  -0.02847615
 -0.05316344  0.39339957 -0.36063796 -0.1525016 ]
[-0.11388461 -0.21455054 -0.11033714 -0.01093077 -0.0056528   0.2667642
  0.1344208  -0.00335584 -0.14950795  0.02830087  0.19187056  0.15699242
  0.1139068   0.09596998 -0.07877755  0.27716032  0.23485784  0.11488063
  0.5880285  -0.12235788  0.1292685  -0.00209239 -0.14886859 -0.0957389
  0.29216298  0.12262981 -0.04765947 -0.3873502  -0.17540285 -0.01465738
  0.1414349  -0.24132374 -0.6726746  -0.18096569  0.14097983 -0.2216598
  0.14377046  0.4142324  -0.22050864  0.1046521   0.07765934 -0.2208213
  0.04506978  0.3107527  -0.05090016  0.02637977 -0.4797835  -0.21066853
 -0.05826362  0.44306785  0.32109535 -0.08793005  0.36760414 -0.09131626
 -0.23583388 -0.5269339  -0.00666234  0.39387718 -0.03280744 -0.20164165
  0.25677958  0.2643149  -0.25305215  0.18226257]
[-0.1106738  -0.01270522  0.15306674 -0.07912384 -0.06237312  0.1532669
 -0.12995204 -0.15475492 -0.07139275  0.00801546  0.12115268 -0.18616731
  0.14293861 -0.08105144 -0.13050732  0.0492188  -0.17516996  0.12448631
  0.05335965 -0.06860218 -0.12382619 -0.10860898 -0.11194438  0.01407735
 -0.10471919 -0.161846   -0.07515003  0.00672069 -0.04174071  0.20246711
  0.01403379  0.18285923  0.08589885 -0.06691504 -0.162343    0.05580182
 -0.10339925 -0.0468386   0.2015681   0.06527752 -0.12242871 -0.21989152
 -0.05862029 -0.188935   -0.01899888 -0.05555468  0.04306743  0.12769942
  0.12011356 -0.11569205 -0.1482395   0.0539896  -0.07965745 -0.00597799
 -0.04499263  0.05957846  0.06621457 -0.0680432   0.02413555 -0.11255427
  0.17943104 -0.11101342  0.1090358  -0.02402032]
[ 0.17597197  0.4203835   0.07937451 -0.6429298   0.38611084 -0.00275017
 -0.3873681  -0.08859743  0.19459975  0.8869245  -0.17926975  0.16997108
 -0.22040246  0.82438415  0.81787884 -0.51738435 -0.20543881 -0.44283533
 -0.520101   -0.2953428   0.22151834  0.78636724 -0.03514994  0.006032
 -0.24678269  0.12270147 -0.7505135  -0.00856563  0.08799286  0.05693774
 -0.11114918 -0.00582282 -0.1336635   0.36763483  0.11066319 -0.20753308
  0.43870068 -0.6699876   0.012802   -0.29174483 -0.46845108  0.03035049
  0.12999004 -0.45569885  0.11879492 -0.19486672 -0.77752936  0.02753363
  0.2042609  -0.16100201 -0.18179666 -0.11064103 -0.01434967  0.02155818
  0.23097119 -0.3177017  -0.05581105 -0.2934562   0.00570219  0.1538617
  0.1557823  -0.05589442  0.27905008  0.33542308]
[-0.07713744  0.3908674   0.20168078 -0.82252854  0.19538125  0.3142644
  0.04539653 -0.1056371   0.13765392 -0.47152004 -0.1073724   0.13154142
  0.20187247 -0.51906526 -0.42858496  0.12224209  0.12478913  0.23473014
 -0.25057825  0.06925051 -0.28235406  0.25032297 -0.22042874 -0.30465797
  0.04730231 -0.17142971 -0.11989009  0.36011976  0.30945954  0.34927368
 -0.01532375 -0.1044245   0.07255296 -0.13865274  0.5203323  -0.01229386
  0.26459122 -0.04448    -0.15730315  0.04371905 -0.08464912 -0.02213106
 -0.1966971  -0.2377476  -0.11499615 -0.19179972 -0.08378062  0.04822965
  0.22286157  0.18247336  0.20445414  0.15920293  0.18978484  0.33388683
 -0.6898795  -0.63355416 -0.09180574 -0.43130112  0.18345524  0.00747074
 -0.38426214  0.2025172  -0.01446923 -0.18077709]
[-0.09191634  0.03369761 -0.35029754  0.01272766  0.67695373 -0.8424117
 -0.5014971   0.04708141 -0.1349614   0.15665042 -0.0435184   0.2884015
 -0.20256561 -0.04531252 -0.07556325  0.7727765   0.0828323   0.25023645
  0.32540745 -0.4169802  -0.25282738  1.0722669   0.14867872 -0.42184484
  0.5658478   0.05058493 -0.6626052  -0.30151337  0.09489725  0.23591918
 -0.5414016   0.11383074  0.25997448 -0.3238921   0.22325803  0.1452557
  0.23838173  0.02031235 -0.31756455  0.18036316 -0.14364484  0.01642131
 -0.33100742 -0.5394387  -0.30780187 -0.24192269  0.5872979  -0.2735257
  0.2364258   0.04454826 -0.2631262   0.553164    0.6137789  -0.48133904
 -0.05655453 -0.14080144  0.27245206  0.32863784 -0.13926788  0.1412551
 -0.09575606  0.11295563 -0.32072207  0.06015143]
[-0.02543111  0.00151339  0.4574838   0.15440343  0.03112412 -0.05040796
  0.24341898 -0.10797051  0.20259304 -0.10871298  0.07189222  0.24097453
  0.47090092 -0.16516419  0.03342732  0.01876481  0.37758157 -0.08539748
  0.14109726 -0.29284698 -0.28565237 -0.25233907 -0.04697825  0.28888497
 -0.12260713 -0.3092085  -0.2198374   0.03306154 -0.15862104  0.11665197
 -0.00974603 -0.2712097   0.3695632   0.06744681  0.3934749  -0.18591098
  0.01251923  0.21168481  0.0284055  -0.12325888 -0.04954882  0.05985384
 -0.20521778 -0.2497341   0.08037987  0.11912419 -0.05321947  0.01831225
 -0.16758542 -0.14848557 -0.02263     0.03531056 -0.05649185 -0.21249299
 -0.34380046  0.20304519 -0.26991668  0.38401464 -0.02777476  0.1512334
 -0.39242324 -0.39511883  0.05246133 -0.10606355]
[-0.04879998 -0.13267519 -0.24397218  0.28319725 -0.07990057  0.13980584
 -0.00632301  0.455948   -0.03179599  0.26862696  0.1744927   0.28943098
 -0.67660517  0.14699198  0.10980788  0.5569766   0.13362531 -0.20926178
  0.4136835   0.06643759  0.05237959 -0.20885928  0.04804761 -0.60812193
  0.12888643 -0.29924744 -0.05532579 -0.01853249 -0.23613887 -0.10555318
  0.14225669 -0.18726036 -0.00494586  0.10014226  0.45496592 -0.17862234
  0.07631195  0.34541756  0.30792674 -0.07076453  0.14691229 -0.01782251
 -0.23516545  0.2583815   0.31244984 -0.2663215  -0.18321638  0.12815255
 -0.25847092  0.05463108  0.05521582  0.01412208  0.1153543  -0.16493855
  0.22125155  0.2794544   0.37862408  0.03045662 -0.48709056  0.16653031
 -0.01839092  0.08788639  0.01728901  0.31424403]
[-0.2131073  -0.10992511  0.21351817 -0.4520003   0.01261732  0.00109181
 -0.16441436 -0.34472254 -0.5406219  -0.13530436  0.13368914  0.22048286
 -0.5047983   0.23089491  0.31915545  0.07271612  0.5112326  -0.05185596
  0.19850485 -0.16414544 -0.18348391 -0.03782827 -0.23404105  0.00257721
 -0.00217911  0.00864636 -0.32292372 -0.06330613  0.03653108  0.14667414
  0.32089555 -0.13285646  0.23510522  0.04204423 -0.14664127 -0.20601562
  0.04458247 -0.02510626  0.495882   -0.12168644 -0.28430164  0.82626176
  0.62030417 -0.2228666   0.15338701  0.13899645 -0.10473337 -0.24607724
 -0.07450267 -0.27111137  0.25125676  0.34045288  0.19340673  0.08875287
 -0.6835813  -0.06369786 -0.19778834  0.20443372 -0.2000312   0.12075127
  0.19022967 -0.0906941  -0.05465572  0.00391999]
[ 0.20797129 -0.49650264  0.07977475 -0.46466774 -1.1230549   0.01791057
  0.09888922  0.0592351   0.50853366 -0.95066357 -0.5703839   0.14832819
 -0.3421845  -0.4250418  -0.53505886  0.12039037  0.10575487 -0.00225331
  0.36366075  0.00602898 -0.2672491   0.3236066  -0.14922847 -0.20944194
  0.09757797  0.0237108   0.27201346 -0.08613568  0.10919877 -0.27939537
 -0.31924993  0.1530049   0.522755   -0.09357214  0.13158567  0.04771992
  0.05714146 -0.19884716  0.12950738  0.42575043 -0.05236595  0.84588456
 -0.03223816  0.5992754   0.08206932 -0.17801952 -0.01345549 -0.20033924
 -0.10786438 -0.36882594  0.66965765  0.07522447  0.08597434  0.4804426
 -0.08138971 -0.9096402  -0.4105571   0.10260347 -0.39845896 -0.22970149
  0.15488116  0.21258698  0.17834708  0.17716035]
[-0.21692696  0.18864773  0.18309678 -1.3354695   0.20106909  0.13900809
 -0.17193064 -0.06627844 -0.3755058   0.5796002   0.19735448 -0.00573173
 -0.2398805  -0.27758518  0.07027841 -0.51952255 -0.1063656   0.1724567
 -0.28912035  0.47225347 -0.7367703   0.05135347 -0.14601803 -0.02924595
 -0.4793108  -0.5261093   0.29032174  0.624176    0.53458357 -0.22359589
  0.72527266  0.03994698 -0.6559593   0.0399607  -0.7034868   0.11411568
  0.22983243 -0.32864517 -0.23444155 -0.07831502  0.09528127 -0.7951879
  0.6360922   0.18581936 -0.01872556 -0.24114096 -0.00801771 -0.00734518
  0.11804302  0.6922689   0.08443443  0.21759312 -0.5537342   0.6812763
  0.29671177 -0.05557452 -0.35604212 -0.7268536   0.0910193   0.4053988
 -0.15769403  0.11725377  0.5884152   0.196792  ]
[ 0.01781562  0.17012541 -0.20624961 -0.35802445  0.3129929  -0.05524888
 -0.01051459 -0.717713   -0.20967716  0.2784563  -0.7102708  -0.18862194
 -0.12465956  0.0927233  -0.11185881  0.06356499 -0.01667975 -0.08892505
 -0.42882985  0.0048958   0.46923316  0.21678607 -0.19495581  0.18050414
 -0.59818196  0.5332804   0.16010787 -0.15488942  0.14588282 -0.2798957
  0.56130475 -0.1890696   0.7735741   0.5727875   0.00318509  0.13914257
 -0.06868351 -0.54303575  0.22507945  0.6017093   0.38145357  0.12603939
 -0.5427614  -0.16857408 -0.9093047  -0.06499957  0.44282392  0.63353217
  0.91616863 -0.6156935   0.22875044  0.45720106  0.27887696 -0.98265153
  0.00150409 -0.5760882   0.11975268 -0.18720675 -0.10510947  0.12890506
 -0.22120035 -0.4459723   0.43244162 -0.29909307]
[-0.1480822   0.24782401  0.13126132 -0.45542738  0.15749414  0.3987111
 -0.0364593  -0.36254925 -0.12517168  0.7001698  -0.24145019 -0.09830388
  0.46012375 -0.36555734  0.17336017  0.39675194  0.06244915  0.18916644
 -0.18775369  0.14885241 -0.3975361   0.00383887 -0.20625679  0.3084502
  0.16582887  0.07889949 -0.25958246 -0.29041666 -0.24113196  0.7090863
  0.29911172 -0.18698788 -0.84102684  0.6694698  -0.3484812  -0.01908489
 -0.31252393  0.48050544 -0.07594965 -0.2658488  -0.11779043  0.01873484
  0.43624604  0.22836381  0.15627947 -0.07662597  0.17001608  0.02161506
 -0.15730086  0.02494369  0.21492039 -0.1597315   0.23272066 -0.4735131
 -0.17337391 -0.46994522 -0.33370587  0.17173725  0.71128994 -0.11795413
 -0.04286204 -0.1452623  -0.03786168  0.27972725]
[-0.21293317  0.12042307  0.11865059  0.08170882 -0.12020742 -0.18929404
 -0.138468    0.10969432 -0.02359095  0.1535007   0.21026574 -0.13363066
 -0.06500504 -0.1092255  -0.07301376  0.19095278  0.1309049   0.06972287
  0.14232588 -0.15693904  0.20182686 -0.19789034  0.20503365 -0.09020984
 -0.07909758 -0.10179561  0.04137813  0.02389744 -0.11370791  0.15271237
  0.12858135  0.13727908  0.12964141 -0.01958284  0.10023528  0.12259512
 -0.11971016 -0.07757892  0.0639923  -0.05641279  0.1735708   0.16887762
 -0.21052134 -0.15978065  0.07223305  0.23687355  0.15680365  0.10876423
 -0.22143105  0.10878534 -0.04874366  0.02276282  0.06992233 -0.20119339
 -0.13118707 -0.08689657 -0.12719394  0.12732068  0.14724226  0.01445403
 -0.19854271  0.20804235  0.04143897 -0.0249254 ]
[ 0.08839983  0.05687428 -0.31872016  0.35669985  0.00824616 -0.13713251
  0.31498843 -0.04756581 -0.02394199  0.12674733  0.19851625  0.2887409
 -0.25920254  0.35832945 -0.0004588  -0.06974901  0.13931403  0.13879697
  0.17735694  0.16774793  0.07315317  0.02594455 -0.14998087 -0.32057303
  0.07240345 -0.01394433 -0.13989218  0.23505959 -0.15194309 -0.7114594
 -0.21015725  0.1200868   0.00863864  0.08596537  0.15378715  0.07890573
 -0.01363686 -0.22436935 -0.03244516  0.01216215  0.00582195  0.2838531
  0.3392595  -0.13403672 -0.01401909 -0.02896932  0.01167888 -0.25629705
 -0.02152784 -0.20689517 -0.09795757  0.1552575  -0.03665574  0.28780684
  0.04734132  0.1406426   0.07335572 -0.28290495 -0.05273926  0.49526584
  0.40523967  0.18424349  0.3287387   0.32046857]
[-0.04249118 -1.0613992   0.48711085  0.30848998 -0.00682964 -0.77393967
 -0.66238856  0.5743394  -0.31604952  0.5612919  -0.28006753  0.5525979
 -0.70806664  0.08791674  0.34311748  0.09684514 -0.11942349 -0.13536038
  0.44196478 -0.36835912  0.06261256  0.15098403 -0.26125273 -0.17655645
  0.4379566   0.01037192  0.01462531 -0.5786788   0.0400655   0.37720725
  0.15472776 -0.08958738  0.16137278  0.00274509 -0.6252329  -0.09253622
 -0.75229466  0.05642725  0.24870169 -0.7900085   0.5004342  -0.0195948
 -0.17611942  0.21405855  0.21308866 -0.19577841  0.2318299   0.7872205
  0.08953747 -0.17235287  0.48996484  0.15930657  0.48398295 -0.19637062
  0.05616071 -0.49266183  0.6773158   0.5333316  -0.47951964 -0.27910256
  0.15762211 -0.23265395 -0.2827936  -0.3648813 ]
[ 0.18839286 -0.20747913  0.1714169   0.13603927 -0.14809187 -0.15809172
  0.2370414   0.48202822 -0.7879828  -0.12682103  0.46536547  0.4776216
  0.05455135  0.61992264 -0.08833002 -0.2591967  -0.09504677 -0.1539964
  0.24141024  0.41283578  0.04945003 -0.10543153 -0.16838394 -0.79924786
  0.03164858  0.08896278  0.11705274  0.3573865   0.35126793  0.5037728
  0.04784013  0.11777022  0.06234451 -0.33688238  0.38006222  0.18540637
 -0.48567045  0.39364338  0.2252945   0.20512532  0.3042937   0.0256638
 -0.4472297   0.18707125  0.28975347 -0.14348756 -0.52063674  0.01912353
  0.07053381  0.00689495  0.52131253  0.08536029 -0.34127876  0.06504478
  0.02860609  0.25386316  0.09717742 -0.18588933  0.37128395 -0.19537318
  0.7264027   0.43221292 -0.21225546 -0.09323332]
[-0.17811951  0.2668526  -0.05014909  0.31946135 -0.0743828   0.35112128
 -0.01830337 -0.00779625  0.1397005  -0.6921552   0.00452992 -0.01380043
 -0.05917421 -0.14686523  0.01682012 -0.23678736  0.0454024  -0.1015906
 -0.02263955 -0.02256964  0.1534914   0.22893529 -0.07879745  0.27981427
 -0.06470867  0.10106087  0.18539844 -0.05001526 -0.32849297  0.19572383
  0.31980783  0.1165548   0.33114335 -0.00995568 -0.05038846  0.1642867
  0.00848288 -0.4689579   0.09278803 -0.15483345 -0.24866796  0.09091263
 -0.27573758 -0.41339603 -0.3168511  -0.17843348 -0.2512082   0.3525486
  0.5016558  -0.14996576 -0.08049648  0.0244902   0.2281869  -0.43885595
  0.31878793 -0.25187328  0.3136382  -0.05461055  0.337485    0.08366124
  0.15071584 -0.07104091  0.01096164 -0.0935576 ]
[ 0.13516001 -0.02784704  0.00035064  0.10449852  0.05237738 -0.05922166
  0.1791974   0.00007456 -0.0795613  -0.06828344  0.12236245  0.00321414
 -0.1651575   0.02763078 -0.01454606  0.08471665 -0.00250249  0.20080464
 -0.18058449  0.14987701  0.14106764  0.13334377 -0.16549763 -0.02025586
 -0.08881899  0.0784397  -0.00212303  0.10190105 -0.04512015  0.20248614
  0.07093211 -0.0473334   0.08739527 -0.13321325  0.08233385 -0.10084651
  0.04117789  0.2345232  -0.04780451 -0.03453206  0.12708835  0.03891575
 -0.17294806  0.01336589  0.03929655 -0.05675089  0.00344915 -0.02658643
  0.18507503  0.10258789 -0.03908129 -0.17863564  0.05596014  0.10017972
  0.18564102 -0.1347576   0.12513188 -0.14734526  0.14837918  0.14676659
  0.12347458 -0.05127745  0.15059999 -0.00719472]
[ 0.1872393   0.4009727  -1.0025309   0.6342107   0.1803945  -0.20537882
  0.15696691 -0.3890275   0.12256406  0.21001507  0.08967333  0.23347068
  0.27077755 -0.60859233 -0.15964165  0.1551549  -0.09183541 -0.01679751
 -0.26406193  0.5280676  -0.28941277  0.20566313  0.1265255  -0.03651675
 -0.5438678   0.4494059   0.0689065   0.23532653  0.05007183  0.35931638
  0.7003891  -0.20430931  0.157324   -0.36515826  0.1011043  -0.18998198
 -0.13314727  0.10239667  0.06633332  0.5083768  -0.58333784  0.39989498
  0.00682401 -0.11786808 -0.36232913 -0.09771584 -0.4776618   0.20507698
 -0.06400341 -0.03722786  0.0897381   0.26911688 -0.23305477 -0.7016203
  0.1339606  -0.18346024 -0.10090708 -0.5345194   0.4081319   0.34423295
  0.2231222  -0.10078762  0.58393496 -0.08244454]
[ 0.08325113 -0.22871317  0.29446495  0.38184798 -0.09467212 -0.02849848
  0.08124414  0.34828988  0.03862116 -0.08617534 -0.09913021  0.32655153
 -0.26939395 -0.17089456  0.22977257  0.10401051 -0.03475476 -0.24505702
  0.27108362 -0.36694503 -0.05388228 -0.17569481 -0.08449039 -0.35448307
  0.14187694 -0.23540176 -0.05342624 -0.08263793 -0.3770503  -0.528859
 -0.2993303  -0.07782198  0.37324482 -0.00513935 -0.25423983 -0.13063821
 -0.34730208  0.08129971  0.19563322 -0.03919524 -0.2768075  -0.29909402
  0.35944867 -0.28278494 -0.03994233  0.08273499 -0.2103182  -0.10286996
 -0.35595027 -0.15410532  0.49303216 -0.13504854 -0.4758606   0.36823335
  0.05219157 -0.0550054   0.054194   -0.28569946  0.35916588  0.05971971
  0.06165037 -0.0209898   0.7037761   0.09572142]
[ 0.02385707 -0.29309466 -0.4309016   0.32519525 -0.39966094  0.00235375
 -0.23102848 -0.5721888   0.09576872 -0.38011754 -0.0786493   0.59317744
 -0.04407004 -0.1653604   0.45012084 -0.04763271  0.5951016   0.7845223
  0.62062234 -0.05374147 -0.64857394 -0.25803515  0.02210241  0.3223765
  0.3005453  -0.2784733  -0.22845924 -0.55311584  0.20819253  0.2392045
  0.09736717 -0.21193253 -0.30949876 -0.34502724 -0.30360782 -0.01753937
 -0.40521175  0.2310163   0.24923038 -0.5357015   0.08595228 -0.00942735
 -0.31767023  0.11030202  0.08262759 -0.21074173  0.37828365  0.51800746
 -0.28781357 -0.17096871 -0.4985628   0.57047236  0.61665684 -1.1235868
  0.25450143 -0.45667103  0.095686    0.22504036 -0.0970481   0.00885915
  0.6671632   0.36198628 -0.25180483 -0.40503046]
[-0.13312507  0.12051676  0.11705261  0.24698788  0.09541773 -0.01367013
  0.01697426  0.26146007 -0.17540191  0.02961725 -0.22575748 -0.01808519
  0.11936782  0.28805947 -0.2307995  -0.07812563  0.01525247  0.19654089
  0.16924776  0.01380789 -0.03549701 -0.20465264  0.10111098  0.2377694
  0.18944956  0.18538825 -0.09532536  0.03957541 -0.24901941 -0.24409965
 -0.2489712  -0.1965953   0.4229324   0.27928692 -0.20411246 -0.09874225
  0.05877106  0.11629779 -0.20379461  0.05044274  0.1036693  -0.00554722
  0.05561104  0.4383914   0.00813018 -0.03452612  0.5202167  -0.06396246
  0.20658521 -0.35401636 -0.11941887 -0.00531     0.3078299  -0.13003767
 -0.02693363 -0.0314454   0.1489224   0.4025662  -0.06336042  0.01751652
 -0.302447   -0.5586287   0.22037053 -0.25225386]
[-0.11889545  0.03741303  0.3144468  -0.39343166  0.23357865  0.18142173
 -0.9861129  -0.05948659  0.19479991 -0.1247627  -0.58465403 -0.17946889
 -0.0853155  -0.2253669  -0.44397578 -0.38144782  0.06364628  0.14937201
 -0.23353703 -0.70120364 -0.10475314 -0.1009922   0.10725414  0.40084422
  0.1325799   0.4077319   0.08544403  0.370542   -0.18996327  0.34355345
 -0.03316749 -0.14788708  0.2678731   0.21296567 -0.79873824  0.07468048
  0.52181965 -0.3858285  -0.09629034 -0.2712569   0.04508092 -0.7397755
  0.41570503  0.30101147 -0.0408713   0.03892482  0.50392514 -0.05398828
  0.6118938   0.5131381  -0.12062863 -0.2652902   0.02175023  0.2430264
  0.33175182  0.09416182  0.00543033  0.27863058 -0.91689396 -0.24792187
 -0.97467023 -0.4273858   0.06907628 -0.23504092]
[-0.08817092  0.20455827 -0.3850933   0.12529075  0.03107722  0.22916085
  0.06440171  0.05000012  0.4587677   0.24552423  0.44981167 -0.25433043
  0.3044557  -0.28267238 -0.15350252 -0.01942638 -0.01153715  0.03211361
  0.18578921 -0.29066077 -0.01278271 -0.28203124 -0.03838949  0.3806101
  0.2949028  -0.05070809 -0.09158238  0.2884453  -0.29015702 -0.30869105
 -0.26234645 -0.20142698  0.04670669 -0.33382237 -0.01574092  0.02942789
 -0.1808407   0.11664317  0.16995752 -0.36669707  0.19131222 -0.2894382
 -0.09540833  0.06396503  0.29110485 -0.12242468  0.3808855   0.21548457
  0.18527618 -0.24475853 -0.119002   -0.03883405 -0.24915533  0.4358657
  0.2885203  -0.10638525  0.07911044 -0.04717381  0.12216765 -0.04890105
 -0.21574867  0.09920105 -0.16716743 -0.04525319]
[-0.2134912  -0.32274666  0.2722175   0.0537799   0.61988646 -0.02359356
  0.02597353  0.2929913  -0.2775403  -1.2777658   0.44030303  0.3479334
  0.1978931   0.06769472  0.0054779   0.08003838 -0.33451253 -0.06598031
  0.04712182  0.4273356  -0.16091287 -0.27206397 -0.01945409 -0.33625013
  0.0818738   0.13184021  0.20700926 -0.2004385   0.4137017  -0.38078535
 -0.33195612 -0.16314898  0.07266518 -0.4437882  -0.4814054  -0.07677516
 -0.75043523  0.59057444  0.28366497 -0.15630886 -0.06894765 -0.35153428
  0.47929534  0.15896632  0.3542324  -0.19343938  0.31473336 -0.94972277
 -0.11469121  0.5261114   0.4394617   0.1630503  -0.01657139  0.8340796
 -0.06378529 -0.00286771  0.3943328   0.07338843  0.1628048  -0.21671817
  0.12525086 -0.14049613  0.14338027  0.04435877]
[-0.06389549  0.41818744 -0.7577554  -0.35756344  0.545245   -0.42309654
 -0.02576674 -0.40081382 -0.2761937   0.47143322  0.06180159 -0.32751608
  0.7579072   0.62703097  0.28947228 -0.3741335  -0.11135495 -0.3254774
 -0.61422956 -0.4856918   0.206451    0.17004894 -0.05244463  0.1358593
 -0.11504799 -0.532148   -0.33555534  0.16500607  0.5510273  -0.12678534
 -0.7165074   0.03260367 -0.13023014 -0.9720931   0.5508394  -0.02926125
  0.02688677 -0.26193476 -0.28472406  0.18412521  0.24577427  0.11420892
  0.04163571 -0.36073014 -0.17250603  0.07109247  0.05900027  0.46257854
  0.12474333  0.20522079 -0.59473455  0.02370989 -0.3222319   0.19462378
 -0.00560445  0.21127163  0.02644518 -0.7073441   0.3423457   0.3063577
  0.03068027  0.7929574  -0.15539832  0.47281334]
[-0.05971631 -0.21761537 -0.582171   -0.03942543  0.03132838 -0.39800608
  0.39065313 -0.36020932  0.01776599  0.40025693 -0.47718439  0.09721848
  0.04116198 -0.22726052  0.5642555   0.25309417 -0.19068775 -0.19291544
 -0.37082806 -0.24792181  0.34203294  0.7024001  -0.19094162  0.14057547
  0.00656602 -0.12080705  0.06939616 -0.13694414  0.45324966 -0.43941978
 -0.3681371  -0.25160298  0.34181148  0.59206223  0.02951099 -0.02026618
 -0.10631708 -0.07359736 -0.00856006  0.00287923 -0.03457941 -0.30143774
 -0.06073953 -0.4474988   0.3076496  -0.12788369 -0.3232819  -0.27253437
  0.42465124 -0.16564634 -0.35094672  0.18904367  0.19184011 -0.30016235
 -0.17931242  0.02580546  0.65193397  0.08422429 -0.01289184  0.20392731
 -0.13513672 -0.09784138  0.14519383  0.01457926]
[-0.20763384  0.3293448  -0.38985425  0.2947316   0.6761359   0.40179673
  0.12395398 -0.3634814  -0.40656623 -0.2893373  -0.0227323  -0.06778703
  0.14170863  0.15471761 -0.33758757  0.2966018  -0.2660388   0.00085481
  0.00937219  0.22493169  0.54273593 -0.0261637   0.05971695 -0.10114777
 -0.00456285 -0.26418793  0.21171802  0.38282192  0.06282455  0.05871996
  0.15809257 -0.19711858 -0.28320852 -0.36285147  0.56480104 -0.23960721
 -0.085301    0.57721245 -0.09484631  0.60155    -0.19851752 -0.34026277
  0.3270381   0.23247613 -0.3332253   0.05056297  0.03612833  0.04698197
 -0.78114873  0.40724316  0.1444489   0.11033279 -0.28555182  0.05470836
  0.36550066  0.33811656  0.2622998  -0.56317544  0.5231168   0.36087105
  0.2735167   0.17495334  0.3202536   0.7317414 ]
[-0.15100738 -0.04796987 -0.07792435 -0.14845523 -0.01468606  0.17564419
  0.06498145 -0.06832334  0.20181759 -0.21493599 -0.13183051 -0.17793731
 -0.192349   -0.1501675  -0.07547838  0.08442137 -0.01839427  0.08627629
  0.0623631   0.12032169 -0.16555706  0.00913391  0.11587978  0.10220322
  0.11063729  0.09278849 -0.19372374 -0.0882287   0.16231671  0.00148012
 -0.14233212 -0.20367424 -0.16954327 -0.12549067 -0.16044691 -0.07211956
 -0.16192202  0.00244024 -0.07851091  0.04901397 -0.22969012 -0.16104268
 -0.15194279  0.18602747 -0.199118   -0.02214301 -0.02121606  0.1582745
  0.11181491  0.13568124  0.18820955  0.02255998 -0.17843562 -0.04981343
  0.16369744  0.0628241   0.20936696 -0.11915623 -0.09443855 -0.0664816
 -0.16785794  0.05691441  0.06076262  0.12204773]
[-0.17027213  0.0444853  -0.06448913  0.61517483 -0.2310696   0.08274458
  0.78442335  0.01108098 -0.18559901  0.34217677 -0.27051562  0.00118637
  0.29261363  0.10191478  0.6216754  -0.38805586  0.35159466  0.11534008
  0.08909085  0.34909526  0.27273047 -0.50012076 -0.12715228  0.42581373
 -0.2255778  -0.19184352  0.42107478  0.17968902  0.56777877 -0.23004861
  0.12360293 -0.1277199  -0.30841595  0.33238474  0.11055157 -0.04599076
  0.13749112 -0.5835176   0.4288285  -0.04671996  0.47641364  0.14815086
  0.22073674 -0.08266059  0.03532048  0.13132127  0.29203546  0.46107912
  0.40745783  0.31858745 -0.05520759  0.07425974  0.1570344  -0.22902672
  0.06870944  0.5266015  -0.2096541  -0.45695433  0.45295143  0.3350222
 -0.16996747  0.62088287 -0.34310475 -0.2878337 ]
[-0.16756338 -0.79004174  0.35763875  0.28696662 -0.36306995 -0.94940424
 -0.08811405  0.5672153   0.04713139  0.46791062 -0.02679675  0.41016617
 -0.75558335 -0.08228673  0.25693962  0.8184951   0.07768875 -0.1663784
  0.51195365  0.20086336  0.12999807 -0.10778191 -0.03958722 -0.53600967
 -0.0249014  -0.2399402   0.0918129  -0.20003158  0.34923518  0.00711488
 -0.05595042 -0.14906181 -0.0483436  -0.013153    0.1376997   0.03654196
 -0.816782   -0.01040319  0.4879476  -0.26750687  0.41032422 -0.03080928
 -0.658927    0.53700453  0.2754558   0.03286662 -0.29590973  0.44935614
  0.07620226 -0.29201552  0.7600583   0.05557622  0.12810008 -0.17638414
  0.412172    0.2828049   0.35065705  0.2657493  -0.15867497 -0.08463268
  0.02562328 -0.45508984 -0.10667791 -0.5485264 ]
[-0.02548604  0.37654883  0.14161499  0.3748178  -0.34841192  0.46932524
  0.24989162  0.12191166  0.03321413  0.0047661   0.14633162  0.67694765
 -0.46339783  0.03163843  0.11389026 -0.39125788  0.07998665  0.28462878
 -0.43213004  0.64719933 -0.5372725  -0.13178991 -0.20891398 -0.79117405
 -1.0296776   0.33039176 -0.7044139   0.39922705  0.52443266  0.59032017
 -0.12951222 -0.25175536  0.18172495  0.28568247  0.06180939 -0.11873644
 -0.25254512  0.4232756   0.5456978   0.14306828 -0.25171953  0.17542778
 -0.38283    -0.39661956 -0.28049096 -0.08349819 -0.43520892 -0.25909016
 -0.40525457  0.06433427  0.7672059   0.5685192  -0.41030067  0.20125537
  0.40067682 -0.01897181 -0.26109695 -0.77790225  0.8941526   0.4318104
  0.9441044   0.24597348  1.247312    0.45038798]
[ 0.02510882  0.2978001   0.24036348 -0.45775867  0.4062805  -0.3940978
  0.07370902  0.13969503 -0.02216366 -0.12372968  0.39636528 -0.48655796
  0.30673337 -0.07739306  0.00952861  0.10413639  0.04416071 -0.21226151
 -0.35521632  0.05688434  0.06489165  0.19776542  0.0977127   0.4732295
  0.04099404 -0.2168112   0.24423419  0.29517412 -0.09403274 -0.47736916
 -0.28899315 -0.10179953  0.23328212  0.6784016   0.36673817 -0.19927476
  0.38600814 -0.39345294 -0.05128589  0.21921247  0.16696212 -0.3819564
  0.35375535 -0.40679467  0.19064242 -0.15778726 -0.50162536 -0.25372052
  0.16260502 -0.2334015  -0.21802276 -0.41929024 -0.12850823  0.79601747
  0.19480564  0.5093282  -0.14093283  0.02968358  0.270208    0.07180757
 -0.11789802 -0.5230719   0.11408359  0.02278107]
[-0.1181085   0.08782067 -0.19584855  0.05486212  0.16865027  0.02553299
 -0.15224421 -0.0699378   0.127873    0.14673063 -0.17507094 -0.13100262
  0.1800986   0.05000857 -0.18327476 -0.10208137  0.01957124  0.00616639
 -0.00957081 -0.02012172 -0.10528298  0.04584625  0.06366479  0.06278058
 -0.17247143  0.21982262  0.06637223 -0.01798529 -0.08457078  0.04460479
 -0.21975356 -0.07727663 -0.07626949 -0.1432395   0.10493641 -0.1086
 -0.04297676 -0.06948625 -0.05364914  0.093111   -0.20128171 -0.0768498
 -0.01487772  0.16676016 -0.15810536  0.12550925  0.11693177  0.02854554
 -0.15627196  0.18582505  0.099046    0.18027082 -0.01844088 -0.0026903
  0.11059574  0.18887374  0.00043993  0.13991283  0.20973496 -0.07964651
  0.12330176 -0.05113468  0.13095433 -0.0134266 ]
[-0.16614993  0.49545577 -0.5990767  -0.7777976   0.04196375 -0.24793604
  0.08882084 -0.65625525 -0.22884795  0.27035037 -0.19898237  0.35425973
 -0.35740462  0.35582697  0.28918776 -0.05748837 -0.07939938  0.33914074
 -0.4998863   0.14503287 -0.6423463   0.22762848 -0.02609857 -0.35981384
  0.02713668 -0.1898734  -0.65779257  0.3034127   0.574619   -0.09349462
 -0.12469648  0.01402254 -0.42129266 -0.01086769 -0.2679277   0.09057757
  0.28851423  0.67135453 -0.37047076  0.6384556  -0.6009508  -0.17836687
 -0.28091875  0.28631935  0.16699708 -0.09001951 -0.7564377  -0.16859677
 -0.49124688  0.627353    0.05954808  0.5098442  -0.2843147   0.4228305
 -0.42264917  0.22714703 -0.16343035 -0.6079868   0.2494224   0.24908958
  0.21172793  0.6657725   0.3766123   0.62291944]
[-0.1833523  -0.434015   -0.0719955   0.37529725 -0.27226794  0.14795166
  0.16006684  0.15088928  0.6292353   0.03287621 -0.46911663 -0.02777988
 -0.17542747 -0.19303249 -0.35676417  0.26380938  0.00728981 -0.05279799
  0.17028092 -0.1759787   0.07341488 -0.11744992  0.07281138 -0.2915902
  0.50080085  0.03694187  0.39674303  0.2978865   0.12166953 -0.45073554
  0.08604955  0.05938442  0.5673486   0.13117798  0.09548098 -0.20130625
  0.08743235  0.4590294  -0.25788814  0.3664006  -0.25141484  0.0835769
  0.18502949  0.20649806  0.10585827 -0.02507749  0.02049917 -0.18362312
 -0.09012626  0.18306606  0.04388364 -0.33664414 -0.41900218 -0.13798946
  0.40247008  0.3296974   0.06368589 -0.1721372  -0.27346918 -0.17646782
  0.11505264 -0.06281067  0.15957005  0.11792047]
[-0.21900532 -0.31569648 -0.88620204  0.8540884  -0.16624387  0.42669275
 -0.37977472 -0.49978703 -0.08913089 -0.3915854  -0.15133041  0.8334283
 -0.20858143 -0.39783114  0.08607038 -0.03761264  0.6538909   0.8841055
  0.90483576 -0.2997665  -0.67223495 -0.10268555 -0.1658495  -0.04322024
  0.8150181  -0.08750847  0.09885316 -0.76377803 -0.01422397 -0.22897136
 -0.29456308 -0.22110516 -0.04096257 -0.6992116  -0.41605175  0.03709344
 -0.9147129   0.636227   -0.09398007 -0.95375925 -0.56936723 -0.2673853
 -0.22199984 -0.08574133  0.13017273  0.1404279   0.36774737 -0.08459978
 -0.26629347 -0.02844433 -0.58632714  0.7753187   0.80779696 -0.6118876
  0.2609267   0.12762159  0.27339983  0.54806703 -0.05964737  0.22440206
  0.57641643  0.13687633 -0.35614872 -0.30587846]
[-0.03531425  0.04663046  0.17411399 -0.08317304 -0.27139965  0.39181232
 -0.01715334  0.00698175 -0.1440952  -0.10117991 -0.0180329  -0.02151391
  0.29469454 -0.27917057 -0.27074248 -0.31793973 -0.11712526  0.21209422
  0.03757108  0.31711894  0.48891336 -0.34571245 -0.06218184  0.17447157
  0.07892866  0.48286203  0.19132973  0.20703478  0.18682423 -0.07876532
 -0.26720098  0.13882333  0.24351664 -0.40021265 -0.29917988 -0.07620576
  0.25652662  0.15068246 -0.3017697   0.11666942  0.12293293  0.15303288
  0.15475757  0.48713002 -0.26644105 -0.14992388 -0.31893277 -0.12087151
  0.15049188  0.08762013 -0.10181659  0.15938105 -0.11656732 -0.15439661
  0.17955239  0.36596775 -0.21616203 -0.13687435 -0.07053923 -0.14186226
 -0.02272638  0.00499881 -0.13675392  0.13429466]
[-0.23365605 -0.2674779  -0.4182792   0.08194353  0.2003748  -0.31442004
 -0.8628025   0.39115557 -0.01003465 -0.49957326 -0.34415698  0.33561143
  0.043869    0.3632597   0.40278268  0.49992478 -0.00375701 -0.14576611
  0.20934421 -0.72258615  0.2984828  -0.21926144 -0.2633399  -0.4318864
  0.00615478 -0.26948267  0.06756326 -0.10724696 -0.3670856  -0.07772957
  0.03975439  0.15102509  0.19578281 -0.02301075  0.10011246 -0.05238102
  0.28977293  0.05192472  0.23752628 -0.16449353 -0.26575795  0.17046118
  0.02872819 -0.13000362  0.61523414  0.07204375 -0.40829656  0.3759738
 -0.27073205  0.59172285  0.21266617 -0.18031715  0.17172655  0.00606194
  0.10024728 -0.12029387 -0.05553587  0.26069766 -0.7914308   0.09941077
 -0.22594294  0.0167774  -0.12550728 -0.03285863]
[-0.08226447  0.12669025 -0.08083551  0.02684982 -0.3559542   0.17855053
 -0.53827554  0.07174964  0.675394    0.00701758  0.3023357   0.00604479
 -0.40180525 -0.33294794 -0.14952835  0.39627767  0.31662077  0.19645461
  0.26910236 -0.29090762 -0.59831744 -0.2647576  -0.23785982 -0.04205554
  0.12826465 -0.17216341 -0.4276229   0.01977378 -0.042356   -0.2825345
  0.06851263 -0.09888691  0.19181874  0.15575519  0.14170372  0.08211884
  0.46043488  0.29627165 -0.2601803   0.05772461 -0.01942846 -0.04583967
 -0.47547957  0.30734473  0.37119305  0.0291653  -0.25504163 -0.653214
 -0.34284818 -0.0529685   0.17018408 -0.34982362 -0.13414164  0.35227433
  0.2927424   0.5359929   0.22499953  0.3650832  -0.5322863   0.17408945
 -0.13749914  0.13492343 -0.21176761  0.40518844]
[ 0.06689193 -0.27267033 -0.04698803 -0.0761652   0.85029984 -0.71554685
 -0.5187139   0.421358   -0.33017927 -0.73781353  0.36099994  0.51642346
 -0.33846167 -0.38485563 -0.4515605  -0.0640545   0.22408217 -0.23940316
  0.08548197  0.45840955  0.14945315  0.29627097 -0.0031562  -0.5599297
 -0.0825429   0.62335324 -0.26404497  0.281543    0.5753568   0.06833758
  0.2011048  -0.10069265  0.39934897 -0.18042351  0.10577318 -0.23348287
 -0.01292448  0.47562686  0.36841378  0.26926628 -0.07948995 -0.08746269
  0.15360941  0.03109859  0.0852312   0.03089237 -0.23213892 -0.90388113
 -0.17107688  0.55088943  0.7680193   0.06836706 -0.14117143 -0.07099073
 -0.3010386   0.0139466  -0.46357113  0.05005281  0.16363706  0.24823219
  0.08049156 -0.39017925  0.19359337  0.22863232]
-0.022969121
0.06966149
0.054229006
0.27083513
-0.24226028
0.18461886
0.3060877
0.2617257
-0.104096964
0.19153762
-0.035201527
-0.1855698
0.23823822
0.3442642
-0.1290676
-0.117708124
-0.2953254
0.0019273568
-0.07845653
0.27860376
0.54666513
-0.07719584
-0.059139863
0.1664849
-0.016366875
0.1448535
0.40022555
0.1888378
-0.00067735434
0.21018898
-0.06646543
-0.05608993
-0.19133343
0.2624062
0.22490637
-0.048394356
-0.061622944
-0.19573371
0.06305953
0.25356933
0.34799618
-0.09656385
-0.24585989
0.1889026
0.1355997
-0.044892117
0.12910365
0.12490553
0.3947033
-0.0023680478
-0.13623491
-0.14818725
0.029596675
0.011117089
0.4298557
0.21320456
0.25147575
0.003358733
0.25926673
-0.24839713
0.11286279
0.08875431
0.03999379
-0.21743803
