[[[ 0.00699559  0.04848219  0.01677748  0.00769179  0.02561016
   -0.         -0.02472335 -0.00554103 -0.05288985 -0.01285961
    0.02519598 -0.04162813  0.00807235  0.         -0.
   -0.        ]
  [-0.008094    0.03944912 -0.00145587  0.00924313 -0.01600076
    0.         -0.00819319  0.08552022 -0.03231905  0.03763581
    0.02374067 -0.02640645  0.02333022  0.         -0.
   -0.        ]
  [-0.03212423  0.03194528  0.01945504  0.01382483 -0.00063149
    0.          0.0712427  -0.05431776 -0.04242091  0.0894585
    0.01536926 -0.06398223  0.0588801   0.         -0.
   -0.        ]]

 [[ 0.02176758 -0.04267994  0.00808855 -0.00130309  0.03024829
   -0.         -0.04354535 -0.01755403 -0.07958542 -0.06087067
    0.05426976 -0.07927922 -0.0267333  -0.         -0.
    0.        ]
  [-0.00412507 -0.06848415  0.01138994 -0.0020358  -0.03745841
   -0.         -0.01924572  0.09613375 -0.07911272  0.00719423
    0.05448097 -0.03978039 -0.02297529 -0.         -0.
    0.        ]
  [-0.01614827 -0.03548712  0.04544628 -0.002181   -0.01683919
    0.          0.06364146 -0.05986048 -0.08070099  0.04728753
    0.03642436 -0.08155832  0.00313299  0.          0.
    0.        ]]

 [[ 0.0186411  -0.03014474  0.01198364  0.00134169  0.03452803
    0.         -0.05326226 -0.01869225 -0.09031744 -0.06596758
    0.06879773 -0.08066471 -0.04798826  0.          0.
   -0.        ]
  [-0.00557208 -0.03787449  0.02286993 -0.0050724  -0.03038058
    0.         -0.02278822  0.09778138 -0.08250531 -0.01090163
    0.06176783 -0.02624222 -0.05877833  0.         -0.
   -0.        ]
  [-0.00122651 -0.01174942  0.06981417 -0.00715602  0.00037887
    0.          0.06238605 -0.0569076  -0.08277883  0.03994744
    0.04630144 -0.07095086 -0.04658839  0.          0.
   -0.        ]]

 [[ 0.0072358   0.03743503  0.02938663 -0.0160919   0.02367161
    0.         -0.05561152 -0.01359278 -0.07735945 -0.02934998
    0.05307717 -0.06887912 -0.05036138 -0.         -0.
    0.        ]
  [-0.00425498  0.0445889   0.03765126 -0.03001944 -0.034877
   -0.         -0.02156377  0.08855379 -0.09679683  0.00304624
    0.03678229 -0.01148763 -0.07092616  0.         -0.
    0.        ]
  [ 0.00467333  0.04657019  0.08480731 -0.03008276  0.01626978
   -0.          0.0617361  -0.04475995 -0.07608052  0.03212046
    0.03318436 -0.04994799 -0.07270548  0.          0.
   -0.        ]]

 [[-0.00299735 -0.00814012  0.0292445  -0.01744654  0.01228301
   -0.         -0.05346172 -0.0151407  -0.03410643  0.0144826
    0.03594952 -0.04667214 -0.03978797  0.         -0.
    0.        ]
  [ 0.00805434 -0.01749012  0.01490359 -0.03403425 -0.02529558
   -0.         -0.02323252  0.07211846 -0.04964832  0.01652569
    0.01872764  0.00570011 -0.06362581  0.          0.
    0.        ]
  [ 0.01132252 -0.01287284  0.05616491 -0.02910214  0.03319001
   -0.          0.05206292 -0.04177098 -0.02301332  0.05004368
    0.02251759 -0.03237763 -0.05811743  0.         -0.
   -0.        ]]]
[[[-0.06834983  0.07857891  0.04740949 -0.0125523   0.06486383
    0.         -0.01136315 -0.0817594   0.04011255 -0.07416307
   -0.0250928  -0.0381419   0.03266997  0.          0.
   -0.        ]
  [-0.07223924  0.08365151  0.00812635 -0.01275125 -0.01010453
   -0.         -0.05515123  0.05592869  0.0143761  -0.00149178
   -0.00932635 -0.03004213  0.04650821  0.         -0.
   -0.        ]
  [-0.09885956  0.07775825  0.02077729 -0.00335776 -0.00428199
    0.          0.02001319 -0.08706293 -0.00911246  0.0680104
   -0.00718802 -0.06824885  0.07018577  0.         -0.
   -0.        ]]

 [[-0.04473886 -0.09078839  0.03691442 -0.01777697  0.0726466
   -0.         -0.02000869 -0.12193063  0.0736293  -0.09544658
    0.01627076 -0.05799653  0.01120761 -0.          0.
   -0.        ]
  [-0.04952192 -0.11224956  0.02403855 -0.01971521 -0.04596572
   -0.         -0.05601221  0.04528008  0.03425163 -0.00326533
    0.02111552 -0.01344038  0.01610281  0.          0.
    0.        ]
  [-0.067431   -0.08159551  0.05386432 -0.0156364  -0.04061475
    0.          0.02165801 -0.11996628  0.01056126  0.07214651
    0.00560888 -0.04979005  0.02818809 -0.          0.
   -0.        ]]

 [[ 0.01013795 -0.03020356  0.00512977 -0.00521955  0.07516211
   -0.         -0.03153361 -0.11048692  0.08097073 -0.10350895
    0.06228698 -0.05213566 -0.01277615  0.         -0.
   -0.        ]
  [ 0.00945669 -0.03293712  0.01048824 -0.01177567 -0.04390338
   -0.         -0.05837616  0.06043924  0.05039251 -0.00393263
    0.05322951  0.00937035 -0.02307011  0.          0.
    0.        ]
  [ 0.01041405 -0.01496385  0.04554963 -0.00908941 -0.03158376
    0.          0.01978686 -0.10796208  0.02878004  0.0620514
    0.03720849 -0.02973947 -0.02186871 -0.          0.
   -0.        ]]

 [[ 0.04357146  0.07541776  0.0121533  -0.00656262  0.05332084
    0.         -0.01376487 -0.09115572  0.07090957 -0.07342488
    0.06492615 -0.04710682 -0.02925151 -0.          0.
   -0.        ]
  [ 0.05560709  0.08588773  0.02480093 -0.02246493 -0.05333503
    0.         -0.03504065  0.06538647  0.03025293  0.00688951
    0.0501813   0.01544468 -0.05246671  0.         -0.
   -0.        ]
  [ 0.05458894  0.08087276  0.06458748 -0.01978335 -0.01911032
   -0.          0.04215    -0.07865062  0.04034855  0.06216393
    0.04219234 -0.01423477 -0.06344974  0.          0.
    0.        ]]

 [[ 0.02885302 -0.02361863  0.00853917  0.00047609  0.0222376
   -0.         -0.00643855 -0.07329565  0.05678315 -0.02778939
    0.05395142 -0.02808639 -0.04599751  0.         -0.
    0.        ]
  [ 0.05145511 -0.02544482  0.00602141 -0.01635545 -0.04237388
    0.         -0.02641847  0.06514613  0.01935436 -0.01290643
    0.03412103  0.02118718 -0.07824752  0.         -0.
   -0.        ]
  [ 0.0532656  -0.02352433  0.04326736 -0.01299946  0.00567821
   -0.          0.04244816 -0.05975727  0.03606956  0.03623372
    0.03326959 -0.00867045 -0.08275411  0.          0.
    0.        ]]]
[[[-0.1013118   0.1139522   0.07215673 -0.03695782  0.06916887
   -0.          0.04806602 -0.04202047  0.10235455 -0.08092973
   -0.07927399 -0.0053666   0.04246298 -0.          0.
   -0.        ]
  [-0.1028975   0.12465619  0.02329763 -0.03948019 -0.02507572
   -0.         -0.05489353  0.12166734  0.07165276 -0.00063538
   -0.06685015 -0.01913602  0.05216308  0.         -0.
   -0.        ]
  [-0.13630931  0.11377722  0.02907292 -0.02683185 -0.02160995
    0.          0.00253646 -0.01245935  0.04623064  0.07486254
   -0.04430855 -0.05278922  0.06260152 -0.          0.
    0.        ]]

 [[-0.07203973 -0.16875322  0.02182065 -0.0410787   0.09586977
   -0.          0.03833001 -0.08044761  0.15597928 -0.11994904
   -0.03558417 -0.01058459  0.03160331  0.         -0.
    0.        ]
  [-0.0719167  -0.18325393 -0.00052092 -0.04469835 -0.05923569
   -0.         -0.06142186  0.11747055  0.11686976  0.00351205
   -0.04092034  0.01364021  0.03433675  0.          0.
    0.        ]
  [-0.10402954 -0.15251182  0.01508098 -0.03550624 -0.06069895
    0.         -0.00311006 -0.04823614  0.0932335   0.08353876
   -0.04026501 -0.01449357  0.03614192 -0.         -0.
   -0.        ]]

 [[ 0.02021778 -0.03724887 -0.0227449  -0.01647704  0.10983469
   -0.          0.03859643 -0.06874596  0.17611189 -0.1021321
    0.01307729 -0.01100582  0.02126884 -0.          0.
    0.        ]
  [ 0.01648504 -0.03373856 -0.03109684 -0.02592576 -0.05437083
   -0.         -0.05238943  0.13889621  0.13290504  0.00833226
   -0.00717424  0.03195195  0.01405671 -0.         -0.
    0.        ]
  [ 0.00958958 -0.02938667 -0.01352654 -0.01931882 -0.0542701
   -0.          0.00491881 -0.03227312  0.12817079  0.08069827
   -0.01053885  0.00577677  0.00678775  0.         -0.
   -0.        ]]

 [[ 0.07333929  0.11521041 -0.02572916 -0.00444725  0.09288598
   -0.          0.0590214  -0.04981965  0.167255   -0.0627448
    0.0660627   0.00131487  0.00548564 -0.         -0.
    0.        ]
  [ 0.10253507  0.15207206 -0.02317769 -0.02444783 -0.04916083
   -0.         -0.02546637  0.14125867  0.1133566   0.01159287
    0.03225148  0.04129618 -0.01365804  0.         -0.
    0.        ]
  [ 0.10183861  0.12336859 -0.0022158  -0.02073962 -0.03031802
    0.          0.03224222 -0.00811405  0.1221512   0.09018426
    0.03500647  0.02698986 -0.03360222 -0.         -0.
    0.        ]]

 [[ 0.07326899 -0.04404576 -0.01092048  0.00788937  0.04402215
   -0.          0.05718399 -0.04611335  0.09551839 -0.05419158
    0.07628661  0.00652194 -0.0498943   0.          0.
   -0.        ]
  [ 0.09288778 -0.04146835 -0.02036527 -0.01180314 -0.03957292
   -0.         -0.0146716   0.1270016   0.04210488 -0.00241589
    0.04546808  0.03727485 -0.0803161   0.          0.
    0.        ]
  [ 0.10093298 -0.05328325  0.00013724 -0.010319   -0.0043019
    0.          0.03526703  0.00096785  0.07694253  0.05080092
    0.05094484  0.01797428 -0.0968711   0.          0.
   -0.        ]]]
[[[-0.0866516   0.11604195  0.07646558 -0.04111055  0.05631467
    0.          0.0623685  -0.02678487  0.03093232 -0.10796188
   -0.09245002  0.0407505   0.03695671  0.          0.
    0.        ]
  [-0.09558912  0.12029994  0.02741599 -0.0443926  -0.04449997
   -0.         -0.07014731  0.12313609  0.0238721  -0.00911043
   -0.07421952  0.00754912  0.04558849 -0.          0.
    0.        ]
  [-0.11046033  0.1181137   0.01539666 -0.03125936 -0.04776977
    0.         -0.04246967 -0.02014775  0.02631639  0.10541194
   -0.03413204 -0.03026052  0.04436604 -0.         -0.
   -0.        ]]

 [[-0.08806872 -0.18392348  0.00067492 -0.05630548  0.10001184
   -0.          0.07385971 -0.02254595  0.01755687 -0.1238183
   -0.07840551  0.02730651  0.03289832  0.         -0.
   -0.        ]
  [-0.09905114 -0.20236717 -0.02059229 -0.06054318 -0.06265772
    0.         -0.06482258  0.16264726 -0.00617937  0.00593317
   -0.08446015  0.02393045  0.03866882  0.         -0.
   -0.        ]
  [-0.11745046 -0.17145199 -0.02308644 -0.05364665 -0.07800552
    0.         -0.04376822 -0.01175766  0.01762419  0.10361524
   -0.06081779 -0.00758651  0.03584542 -0.         -0.
    0.        ]]

 [[ 0.01196822  0.01129319 -0.03180213 -0.0307169   0.09205721
    0.          0.09122002 -0.02360346  0.00328989 -0.08867534
   -0.04032864  0.01436627  0.03051316  0.          0.
    0.        ]
  [ 0.00249222  0.00915062 -0.03820177 -0.04125709 -0.08565962
   -0.         -0.04104811  0.166984   -0.02549655  0.0249848
   -0.07346712  0.03174441  0.03330302  0.          0.
   -0.        ]
  [ 0.00222875  0.02013901 -0.04212973 -0.03661785 -0.08928104
   -0.         -0.01747747 -0.01147392  0.00749214  0.12474653
   -0.05265377  0.00384983  0.02314727 -0.         -0.
    0.        ]]

 [[ 0.06949273  0.142142   -0.03354599 -0.00519218  0.07872063
    0.          0.11394628 -0.01350231  0.00712465 -0.07568256
    0.02347759  0.05054612  0.01879808  0.         -0.
    0.        ]
  [ 0.08318955  0.17431119 -0.03365443 -0.02320365 -0.07465052
    0.         -0.00366383  0.16579945 -0.03310847  0.00392784
   -0.02747672  0.06863771  0.0117954   0.         -0.
   -0.        ]
  [ 0.09955968  0.15333703 -0.03253939 -0.0254903  -0.06818829
    0.          0.0230691   0.0094995   0.0177203   0.09958108
   -0.00611855  0.04814037 -0.01115216  0.         -0.
    0.        ]]

 [[ 0.08751984 -0.06733608  0.0132642   0.00573503  0.0269466
   -0.          0.09108169 -0.05899067 -0.01437758 -0.04211558
    0.03911802  0.03491733 -0.04331909 -0.         -0.
   -0.        ]
  [ 0.11503478 -0.07288671  0.00180358 -0.00990963 -0.06316067
    0.         -0.00681847  0.09719684 -0.05423963 -0.00150116
   -0.00951081  0.0489035  -0.05944163  0.         -0.
   -0.        ]
  [ 0.12585366 -0.08772568  0.00319847 -0.01362475 -0.03724142
   -0.          0.01817126 -0.02988838  0.00559132  0.06326552
    0.01405215  0.01921244 -0.0796872   0.          0.
   -0.        ]]]
[[[-0.0484231   0.06985831  0.08511546 -0.04382812  0.05164306
    0.          0.07511332 -0.05296945 -0.06302191 -0.08839543
   -0.05740739  0.08110386  0.045593    0.          0.
    0.        ]
  [-0.06111928  0.05772238  0.03372648 -0.03907026 -0.0258027
   -0.         -0.04308995  0.05419589 -0.02942661 -0.00194842
   -0.01212955  0.03694328  0.0515106  -0.         -0.
   -0.        ]
  [-0.05805093  0.05564889  0.00621659 -0.02874617 -0.02711382
    0.         -0.03092254 -0.09355248  0.01417325  0.13356523
    0.03566331 -0.0029201   0.04067905 -0.          0.
   -0.        ]]

 [[-0.05900636 -0.15639919  0.02069357 -0.05412072  0.09507091
   -0.          0.1103588  -0.06106187 -0.15012355 -0.10835122
   -0.09236399  0.07202212  0.05144437  0.          0.
   -0.        ]
  [-0.07567058 -0.1880483  -0.00505569 -0.05004803 -0.04279952
   -0.         -0.01856794  0.06673317 -0.12382323 -0.02588624
   -0.06666698  0.05023191  0.05828276  0.         -0.
   -0.        ]
  [-0.07286173 -0.1566343  -0.02510527 -0.04711194 -0.05603406
    0.         -0.01630534 -0.10323489 -0.05069116  0.11410552
   -0.02264541  0.00962722  0.046526    0.          0.
    0.        ]]

 [[ 0.0015558   0.02566204  0.03125184 -0.02710037  0.09193548
    0.          0.12937914 -0.06072503 -0.17605571 -0.06898357
   -0.10822605  0.05588996  0.05581786  0.         -0.
    0.        ]
  [-0.01701702  0.01631292  0.0147583  -0.02970195 -0.0676137
   -0.          0.00214821  0.07844739 -0.15916367  0.00639733
   -0.11662627  0.04967327  0.06377395  0.         -0.
    0.        ]
  [-0.00209606  0.03373298 -0.01394572 -0.03218971 -0.07626422
    0.          0.00317148 -0.10038308 -0.06843973  0.12550028
   -0.06938685  0.00936472  0.04771743 -0.          0.
   -0.        ]]

 [[ 0.04663048  0.1224592   0.0383312   0.00238577  0.07587419
   -0.          0.12077842 -0.05271624 -0.14588386 -0.04629773
   -0.05851632  0.08012945  0.06039283  0.         -0.
    0.        ]
  [ 0.04286687  0.14170861  0.03624273 -0.00513054 -0.06442726
    0.          0.01443444  0.07766383 -0.13705246 -0.00094917
   -0.09425786  0.07364643  0.06158349  0.         -0.
   -0.        ]
  [ 0.07026722  0.1328478   0.00943715 -0.01169734 -0.06540926
   -0.          0.01585504 -0.08059929 -0.04005749  0.109185
   -0.04572199  0.03485885  0.03649652  0.          0.
   -0.        ]]

 [[ 0.07030778 -0.067715    0.04376282  0.01860454  0.02823111
   -0.          0.07846793 -0.06290607 -0.0993806  -0.02967318
   -0.04428426  0.08818747 -0.00250736 -0.          0.
    0.        ]
  [ 0.0812393  -0.0789615   0.03785928  0.01100572 -0.04693443
   -0.         -0.01014564  0.05625246 -0.09032041 -0.0107464
   -0.09341288  0.0790794  -0.00939406  0.         -0.
    0.        ]
  [ 0.09873566 -0.09310973  0.01669024  0.00156121 -0.02527415
    0.         -0.00614759 -0.07978157  0.00531421  0.09423742
   -0.04497521  0.03116773 -0.03137324  0.         -0.
   -0.        ]]]
-0.005690752
0.0045174337
-0.30701053
0.4276633
0.07835816
-0.0067669423
-0.3181865
0.1105075
0.00038219034
0.14006537
0.05821144
-0.011069372
-0.1973838
-0.0041841264
-0.008412001
-0.003932374
