[-0.02613265  0.01311897 -0.05656877  0.15693882 -0.09582905 -0.25677437
 -0.21619625 -0.08387802  0.22460766 -0.21880674]
[-0.08120703 -0.8236003   0.17757927  0.51685286  0.12612288  0.4713871
  0.16157313  0.19799194  0.2824219  -1.0810331 ]
[ 0.43866777 -0.59468174  0.8476549   0.7518329  -1.6575681   0.24137583
 -0.4348582  -0.34953666  1.016291   -0.472979  ]
[ 1.8321635   0.0117053  -0.32163152 -0.8100597  -0.14094394 -0.6127648
  0.16876704 -0.21171597 -0.6530844  -0.50350976]
[ 0.75344735  0.25447723 -0.076306   -0.14546439 -0.2618219   0.5215049
 -1.4676594   0.2182818  -0.204339   -0.6167241 ]
[-0.31472793  0.36039588 -0.16830646  0.45215034  0.03911061 -0.05690381
  0.5602591   0.11193351 -1.0309813  -0.80519545]
[-0.16217175 -0.6256457   0.40325513 -0.509459    0.45041555 -0.49257937
  0.44205788  0.2253946  -1.1752586  -0.8404315 ]
[ 0.50849813  0.24974737 -0.02607852 -0.43923506 -0.0030606  -0.97411585
 -0.7499114  -0.2511925   0.66593546 -0.10341913]
[-0.09083161 -1.0451267  -0.7836057   0.02689723 -0.20047992  0.41564915
 -0.19275321  1.412729    0.23388565 -0.6206376 ]
[-1.347303    0.01750186 -0.29677933 -0.25242913  0.1594492  -0.71048886
 -0.12957865 -0.33260027  1.7019409  -0.10052945]
[ 0.8208289   0.53821963  1.1049612  -0.40181628 -1.0509562  -0.01407406
  0.25309548 -0.5338802  -0.8485756  -1.1953065 ]
[ 0.26947707  0.40569052 -0.24395801 -0.8057536  -0.12588777 -0.31442305
 -0.4677268   0.43581945 -0.10280392  0.48417312]
[-0.6035917  -0.93405133  0.15048763  0.32063133  0.38038555  0.23987766
  0.49206674 -0.46660346 -0.47990096 -0.99550575]
[ 0.05232598 -1.2023487   0.9335217  -0.01361747  0.24087216 -0.71324754
 -1.3257097   0.10959736  0.7788697   0.9201571 ]
[ 0.13410039 -0.7745914   0.5579551  -0.11302923 -0.4448673  -0.5595805
 -0.11396656  0.13715328 -0.13642354  1.1623443 ]
[-0.6088248   0.3331483   0.7205617  -0.3599154  -2.379545    0.02113033
  0.32840466 -0.4229376   0.09419101  0.26510534]
[-0.20053722  0.45755374  0.34442005 -0.22518373 -0.54658026  0.33875203
  0.3946605   0.1628624  -0.5330583   0.25157556]
[-0.25326133  0.3452026  -0.37035084  0.08684777  0.07693388  0.16890301
  0.2780474   0.15229818 -0.506627    0.04145207]
[ 0.3379377   0.8342105  -0.23919214 -0.67632455 -0.33933064 -0.3966426
 -0.09484949 -0.33791533 -0.10136998  0.2794716 ]
[-1.0255611   0.3022541   0.11047845 -0.51801586  0.5600339  -0.46772233
  0.23197377  1.0253357  -0.977091   -0.74706614]
[-0.5636456  -0.07863013  0.626534    1.012559    0.3711366  -0.34807056
 -0.3538675  -1.2008914   0.81103015 -1.7479923 ]
[ 0.62816435 -0.800336   -0.37661797  0.40773198 -0.34486693  0.55878705
 -1.0706556   0.19628748  0.46158007  0.35013995]
[-0.21769314  0.00333809 -0.1844933   0.07796828 -0.12742162 -0.09418685
 -0.11255896 -0.04048114 -0.11138484 -0.14607394]
[-0.28084847 -0.27014747  0.08031479  0.6035906  -0.40904155  0.37786233
  0.82997775 -0.7569657  -0.32649466 -0.18883316]
[ 0.43106607  0.91737014 -0.4014736   0.1844968   0.04565233 -0.17597125
 -0.2342549  -1.0665541  -0.09158357  0.15749553]
[-0.28125414  0.23421271 -1.1018885   0.57098246 -0.00084392  0.4168236
 -0.05606473  0.35166794  0.4240277  -0.37413135]
[ 0.9512458  -0.7659553   0.20195693 -1.0142043   0.77083343 -0.879943
  0.6177117  -0.93207073  0.6839292  -0.19353238]
[ 0.17629616 -0.7904611   0.15055004 -0.06698848  0.33107945  0.20355983
  0.16437826  0.2987973   0.24294822 -0.9550733 ]
[-0.731421   -0.6337617  -0.08410463 -0.44064227  0.6858871   0.13389882
  0.1418108   0.42120862 -0.20592739  0.51651233]
[-0.61838514  0.7150278  -1.6594391  -0.08402354  0.28252786 -0.41777
 -0.34360564  0.866869    0.81277245 -0.21385123]
[ 0.36029303 -0.73631096  1.0454476   0.25266272  0.77436143  0.14098923
 -1.6067269  -0.12028117 -0.08295356  0.75978667]
[-0.24812843 -0.13600652 -0.11541897 -0.03762433  0.13902682 -0.12633637
 -0.02312577 -0.18889333 -0.2064191  -0.02402268]
[ 0.5419832  -0.4668435  -0.32456464 -0.16259529 -0.6494844   0.6231635
 -0.66312754 -0.10554082  0.4450841  -0.08881006]
[ 0.22635023 -1.0507165   0.5764156   0.10779473 -0.8659698  -0.66567165
  1.1255693  -0.88948303  0.7378336   0.08147807]
[ 0.29061893 -1.0244673   1.2834115  -0.43478248 -0.07874145  0.36061773
  0.52100915 -0.29679298 -0.758104   -0.6520182 ]
[-0.13494633  0.02138302 -0.200733   -0.22073482 -0.06441122 -0.18130815
  0.10807992  0.12574369  0.00386963 -0.02875569]
[ 0.4676447  -0.63044524  0.69037503  0.26560345 -0.73775667  0.6677105
 -0.6198791  -0.6011954  -0.46894413 -0.8057658 ]
[ 0.05313099  1.1691432   0.53034085  0.33185488 -0.096549   -0.36461523
 -0.5470388   0.5723891  -0.71940035 -0.3014225 ]
[ 0.22463556 -0.01666294  0.16053386 -0.5404087  -0.39315534 -0.79624176
  0.34105328  0.302404    0.4089089   0.36180863]
[-0.78140384 -0.05132307  0.3225814   0.05640865  0.35453454  0.3533174
 -0.73800546  0.04619508  0.78010863 -0.9233892 ]
[-0.56765187  0.0219046   0.288523   -0.20965779  0.10948591 -0.18731096
  0.5084174  -0.75207645  0.5827056   0.11032933]
[-0.28433844  0.23165523 -0.2868824   0.12555096  0.16220848  0.11890522
 -2.0073607   0.97863597  0.0600709   0.46940362]
[ 0.6133333   0.00542456  0.25112233 -0.30421057 -0.6681122   0.05991372
  1.3919632  -0.19621123 -1.1922779  -0.81810665]
[-0.11851406  0.6082152  -0.22340664  0.03180181  0.8051688   0.45328754
 -1.198402   -0.72879094  0.21528068 -0.32778168]
[ 0.26888874  0.11127023  0.11640354 -0.5448624   0.24964464 -0.57774717
 -0.10424767 -0.9829171   0.3001263   0.25633764]
[-0.19473898 -0.15874395 -0.040552   -0.00727223 -0.00139331 -0.07668995
 -0.05855038  0.05977422 -0.02594211 -0.291709  ]
[-0.73421526  0.48733044 -0.530394    0.58666676 -1.085322    0.34898627
  0.6251762  -1.0017749  -0.37808812  0.66188526]
[-0.51052976  0.2204127   1.4136287  -0.3794689  -0.41032183 -0.7817915
  0.2825002  -0.61970395 -0.49646977 -0.01875259]
[-0.4062804  -0.22284009 -0.28821832  0.27803192  0.10025571  0.32358614
  0.5621944  -0.23325104  0.5548486   0.2828749 ]
[-0.6824511   0.35788903  0.24349484 -0.09911402  0.6361044   0.12271428
 -0.37207496  0.4206732  -1.4370862  -0.168719  ]
[-0.00655127  0.12532671  0.507883   -0.47452196 -0.19524704 -0.7687266
 -1.1868407   0.30876496  0.52922297 -0.11757137]
[-0.38038468 -0.0425881  -0.64671457 -0.3888335  -0.12800843  0.20480388
  0.1469643   0.46003866 -0.4092024   0.5875071 ]
[-0.40716854  0.4671259  -0.29563612  0.22733639 -0.33785266  0.17893165
  0.29292268 -0.13229214 -0.10987922  0.6841567 ]
[ 0.56701803 -1.2312496   0.4729414   0.504059    0.54257333 -0.9058916
  0.7979894  -0.73478174 -0.19831432 -0.78351986]
[ 1.2180274  -0.6717601   0.24012357 -0.17191768  0.7704552  -1.2971302
  0.17623428  0.3451066   0.18025245 -1.3641628 ]
[ 0.6550371  -0.6997238   1.0956494  -0.16980037  0.04277176  0.34223711
 -0.58711576 -1.3073616   0.24567713 -1.1642606 ]
[ 0.4099816  -0.07625639 -0.8165497  -0.14427808  0.19430524 -0.9088361
 -0.44139317 -0.5223856   0.18608423  0.46032295]
[ 0.03486258  0.4879074  -0.623568    0.19055319 -0.9421091  -0.1342782
 -0.0052769  -0.7888169   0.01475596  0.19320492]
[-0.18236808 -1.2924368   0.03542995  0.24265276  0.21811764  0.07306261
  0.3785845   0.47589782 -0.90344256 -0.385994  ]
[ 0.20966738 -0.7509555   0.19507323  0.0394192  -0.02109652  0.2792244
 -0.02717854  0.38969737 -0.6506754   0.23512772]
[ 0.07634833  0.03542116 -0.5825716  -0.32436466  0.32942677  0.52015424
 -1.1859438   1.0937804  -1.7930486   0.5645466 ]
[-0.6869926   0.33519718  0.01796348 -0.08585545  0.9639414  -0.0987027
  0.06164254  0.16119672 -1.2875144   0.07101367]
[ 0.62308586 -0.7854434  -0.10802121  0.24905449  0.07554607  0.06381995
 -0.4171456   0.9325974   0.17967622 -0.2058921 ]
[ 0.09790537 -0.10409472  0.3377198   0.32566693  0.1752958  -0.00870523
 -0.7998002   0.36615965 -0.73795277 -0.41214457]
-0.2988496
-0.05979645
-0.22168146
0.16911113
0.2325772
-0.30135968
0.23644376
-0.1795891
0.36456335
0.06992633
