[[[-0.00901509  0.03816896  0.04080803 ...  0.01319452 -0.01074552
    0.00615178]
  [-0.00889407  0.05591347 -0.04316865 ... -0.00194128 -0.04118083
    0.01826882]
  [ 0.03428186 -0.02282684  0.03840477 ...  0.03110695  0.10494348
   -0.00394854]
  ...
  [-0.         -0.          0.         ... -0.          0.
   -0.        ]
  [-0.         -0.          0.         ... -0.          0.
   -0.        ]
  [ 0.         -0.         -0.         ...  0.         -0.
   -0.        ]]

 [[-0.01122125  0.04209623  0.06646048 ...  0.01662533  0.05215243
    0.056694  ]
  [ 0.00137502  0.06574351 -0.0265184  ... -0.03347007 -0.03784149
   -0.0189358 ]
  [ 0.00928753 -0.0037236   0.06189778 ...  0.00499252  0.08761285
   -0.03315667]
  ...
  [-0.          0.          0.         ... -0.          0.
    0.        ]
  [ 0.          0.         -0.         ... -0.         -0.
   -0.        ]
  [ 0.          0.          0.         ... -0.          0.
    0.        ]]

 [[-0.02474716  0.03821837  0.00423287 ...  0.01029344  0.0706792
    0.07436814]
  [-0.03539222  0.11294001 -0.01539355 ... -0.00024041 -0.05949458
    0.02486035]
  [-0.02957956  0.01269582  0.07083073 ... -0.0105712   0.09122541
   -0.02267903]
  ...
  [ 0.          0.          0.         ...  0.         -0.
    0.        ]
  [ 0.          0.         -0.         ... -0.         -0.
   -0.        ]
  [ 0.          0.          0.         ... -0.          0.
    0.        ]]

 [[-0.00006141  0.05830743 -0.0073002  ... -0.0080506   0.05499471
    0.05137054]
  [-0.0405671   0.1381776  -0.04581392 ... -0.01768604 -0.01818547
   -0.0171996 ]
  [-0.03254084  0.02152172 -0.03682485 ... -0.02356147  0.0873315
   -0.00671135]
  ...
  [-0.         -0.         -0.         ...  0.          0.
    0.        ]
  [-0.          0.          0.         ...  0.          0.
    0.        ]
  [ 0.         -0.         -0.         ... -0.         -0.
   -0.        ]]

 [[ 0.07825182  0.05043177 -0.0127989  ... -0.02454588  0.05675101
   -0.0000622 ]
  [-0.06259321  0.12605257 -0.03973645 ... -0.02377999 -0.03198803
    0.01593113]
  [-0.03459026  0.04293738 -0.09845693 ... -0.00445491  0.11753149
    0.00777392]
  ...
  [-0.          0.          0.         ... -0.         -0.
    0.        ]
  [-0.          0.          0.         ...  0.          0.
    0.        ]
  [-0.          0.          0.         ...  0.          0.
    0.        ]]]
[[[-0.03118848  0.02234411  0.01760843 ...  0.0114269  -0.01414216
    0.0124175 ]
  [-0.00073358  0.05722595 -0.04309115 ... -0.00279789 -0.01208813
    0.01832445]
  [ 0.02368039 -0.0550162   0.11151117 ...  0.03376216  0.05947936
   -0.01270926]
  ...
  [-0.          0.          0.         ... -0.          0.
   -0.        ]
  [-0.         -0.         -0.         ...  0.          0.
    0.        ]
  [ 0.         -0.         -0.         ...  0.          0.
   -0.        ]]

 [[-0.01854568  0.03352991 -0.00498694 ...  0.02234513 -0.01464525
    0.018872  ]
  [-0.03856375  0.05019536 -0.00971401 ... -0.01807909 -0.05133231
    0.01366165]
  [ 0.00841241 -0.01011127  0.08255727 ...  0.0189463   0.04214443
   -0.03552373]
  ...
  [-0.         -0.         -0.         ... -0.         -0.
   -0.        ]
  [ 0.         -0.         -0.         ...  0.          0.
    0.        ]
  [-0.         -0.          0.         ... -0.         -0.
   -0.        ]]

 [[ 0.01253759  0.04251472  0.02179718 ... -0.00378805  0.02946742
    0.004827  ]
  [-0.02585295  0.09854037 -0.03137914 ... -0.00870906 -0.04479851
    0.00798672]
  [-0.01311454 -0.00971343  0.00256297 ...  0.00595548  0.03448844
   -0.03905525]
  ...
  [ 0.          0.          0.         ... -0.          0.
    0.        ]
  [ 0.         -0.         -0.         ...  0.         -0.
   -0.        ]
  [-0.         -0.          0.         ... -0.          0.
   -0.        ]]

 [[ 0.0200699   0.05548048 -0.01053429 ...  0.00284907  0.01380567
    0.00591793]
  [-0.0186671   0.13024016 -0.01577836 ... -0.01535372 -0.04159616
   -0.01266623]
  [-0.03808675  0.01957672 -0.06619373 ...  0.02531625  0.02571061
   -0.01958869]
  ...
  [-0.         -0.          0.         ... -0.          0.
    0.        ]
  [-0.         -0.         -0.         ...  0.         -0.
   -0.        ]
  [ 0.         -0.          0.         ... -0.          0.
   -0.        ]]

 [[ 0.02355943  0.01008773  0.02913492 ... -0.02823932  0.00474407
   -0.01993453]
  [-0.0271733   0.13960236 -0.03872706 ... -0.00370437 -0.00516606
    0.00395067]
  [-0.01792233  0.03343546 -0.08429952 ...  0.02030655  0.04178853
   -0.03953816]
  ...
  [-0.         -0.          0.         ... -0.         -0.
   -0.        ]
  [-0.          0.          0.         ...  0.          0.
   -0.        ]
  [ 0.         -0.         -0.         ...  0.         -0.
   -0.        ]]]
[[[-0.0001578   0.03294408 -0.02183962 ...  0.01757935 -0.00331611
    0.00667282]
  [ 0.00566916  0.02588435  0.00433078 ... -0.02024821 -0.00279864
    0.01321218]
  [ 0.01741189 -0.02892588  0.12339824 ...  0.01217441  0.03280502
    0.01281215]
  ...
  [ 0.         -0.         -0.         ...  0.         -0.
   -0.        ]
  [ 0.          0.          0.         ... -0.          0.
   -0.        ]
  [-0.          0.          0.         ... -0.         -0.
   -0.        ]]

 [[ 0.0048644   0.02993784  0.00392494 ... -0.00791756 -0.01820392
   -0.01575537]
  [-0.00090284  0.04576495 -0.00932277 ... -0.03810967 -0.04981624
   -0.00631392]
  [ 0.02058961 -0.01721524 -0.00271569 ... -0.02499867 -0.00229148
    0.00664798]
  ...
  [ 0.         -0.         -0.         ...  0.          0.
    0.        ]
  [-0.         -0.         -0.         ... -0.         -0.
    0.        ]
  [-0.         -0.         -0.         ... -0.          0.
    0.        ]]

 [[ 0.0329379   0.02268404  0.02758282 ... -0.01967325 -0.00088483
   -0.02916409]
  [-0.02144763  0.06311481 -0.00430578 ... -0.04085421 -0.0383596
   -0.01975706]
  [ 0.01505689  0.00765293 -0.04314499 ... -0.02458513  0.00123787
   -0.00676384]
  ...
  [ 0.         -0.          0.         ... -0.         -0.
    0.        ]
  [ 0.         -0.         -0.         ... -0.          0.
   -0.        ]
  [ 0.         -0.          0.         ...  0.         -0.
   -0.        ]]

 [[ 0.03746929  0.01105887  0.0416183  ...  0.00115591 -0.01554191
    0.02352334]
  [-0.01549391  0.11422591  0.0170408  ... -0.02171317 -0.05283518
   -0.01251516]
  [-0.0186123   0.03005717 -0.08185891 ...  0.00732203  0.01468325
   -0.03147892]
  ...
  [ 0.         -0.          0.         ...  0.          0.
   -0.        ]
  [-0.          0.          0.         ... -0.          0.
   -0.        ]
  [ 0.         -0.          0.         ...  0.         -0.
    0.        ]]

 [[ 0.02211091  0.012313    0.01062444 ... -0.01428953  0.04276377
   -0.05545487]
  [ 0.01085171  0.12090672 -0.0169802  ... -0.00373497 -0.01530167
   -0.02452201]
  [-0.0534764   0.04002641 -0.05027316 ...  0.01268995  0.02970256
   -0.03505513]
  ...
  [ 0.         -0.         -0.         ...  0.         -0.
   -0.        ]
  [ 0.         -0.          0.         ...  0.         -0.
   -0.        ]
  [-0.         -0.          0.         ... -0.          0.
   -0.        ]]]
[[[-0.01799106  0.04009829 -0.00800217 ...  0.02201477  0.00111495
    0.02631578]
  [-0.03921983  0.01762961  0.0632854  ... -0.01147785 -0.00400364
    0.01970301]
  [ 0.02143874 -0.04181193  0.06603894 ...  0.01487747  0.04928258
    0.03820694]
  ...
  [ 0.         -0.          0.         ... -0.         -0.
    0.        ]
  [-0.         -0.          0.         ... -0.         -0.
   -0.        ]
  [-0.          0.         -0.         ... -0.          0.
    0.        ]]

 [[ 0.0213335   0.03574758  0.04621376 ... -0.01922727  0.02397025
   -0.04283426]
  [ 0.00746313  0.04096526  0.01506295 ... -0.06846015  0.00753905
    0.00829281]
  [ 0.0253687   0.00189239 -0.05146173 ... -0.01754203  0.01089155
    0.02727593]
  ...
  [-0.         -0.          0.         ... -0.          0.
    0.        ]
  [ 0.          0.         -0.         ... -0.          0.
    0.        ]
  [-0.         -0.         -0.         ... -0.         -0.
   -0.        ]]

 [[ 0.02045569  0.03547036 -0.00407488 ... -0.02105318 -0.01296501
    0.00851792]
  [ 0.01974341  0.03397537  0.00707043 ... -0.03112883 -0.03274167
   -0.02799007]
  [ 0.01539989  0.00328457 -0.02862865 ... -0.00513279  0.0294746
    0.02186759]
  ...
  [ 0.          0.          0.         ... -0.          0.
    0.        ]
  [ 0.          0.          0.         ...  0.          0.
   -0.        ]
  [ 0.          0.          0.         ...  0.         -0.
   -0.        ]]

 [[ 0.05380204  0.00095655  0.04140127 ... -0.01359264  0.01240876
    0.00287874]
  [ 0.00782105  0.06906327 -0.00270077 ... -0.04197844 -0.036999
   -0.02210381]
  [-0.0134442   0.02324641 -0.03625119 ...  0.00377631  0.01225428
    0.03893832]
  ...
  [-0.         -0.         -0.         ... -0.         -0.
   -0.        ]
  [ 0.         -0.          0.         ... -0.          0.
   -0.        ]
  [ 0.          0.          0.         ... -0.         -0.
    0.        ]]

 [[ 0.04420975 -0.0117494  -0.00293041 ... -0.00160617  0.00100172
   -0.00677592]
  [ 0.00500187  0.0801063  -0.00608917 ... -0.01477216 -0.00858502
   -0.00893868]
  [-0.03884161  0.03153102 -0.02961711 ... -0.00265018  0.02471677
    0.00794025]
  ...
  [ 0.          0.          0.         ...  0.          0.
   -0.        ]
  [ 0.          0.         -0.         ... -0.         -0.
   -0.        ]
  [ 0.          0.          0.         ... -0.          0.
    0.        ]]]
[[[-0.0319646   0.08089029  0.0566243  ...  0.03270562  0.01515497
   -0.07944664]
  [ 0.02177529 -0.0041485   0.08514112 ... -0.03587245  0.00753131
    0.00870907]
  [ 0.02834459 -0.04414413  0.01058015 ... -0.00824473  0.01874768
    0.04233216]
  ...
  [ 0.          0.         -0.         ... -0.         -0.
   -0.        ]
  [ 0.          0.          0.         ... -0.          0.
   -0.        ]
  [ 0.          0.         -0.         ...  0.         -0.
    0.        ]]

 [[-0.03309343  0.06054091  0.03431702 ...  0.02779963 -0.01532182
   -0.03626252]
  [ 0.02426137  0.05091821  0.06211331 ... -0.05729786 -0.01262669
    0.02146927]
  [ 0.03931137  0.02283499 -0.04013538 ... -0.01808626 -0.00042484
    0.04498348]
  ...
  [ 0.         -0.         -0.         ... -0.          0.
    0.        ]
  [ 0.          0.          0.         ...  0.          0.
    0.        ]
  [ 0.          0.         -0.         ... -0.          0.
   -0.        ]]

 [[ 0.034632    0.07459219  0.04102292 ... -0.00345715  0.04034394
   -0.02156741]
  [ 0.02306904 -0.00896484  0.05358925 ... -0.06747647 -0.01701481
   -0.02346993]
  [ 0.01519309  0.01874054 -0.03587443 ... -0.03045189  0.01995096
    0.03028054]
  ...
  [ 0.         -0.          0.         ...  0.         -0.
   -0.        ]
  [ 0.          0.          0.         ... -0.          0.
    0.        ]
  [ 0.          0.         -0.         ... -0.          0.
   -0.        ]]

 [[ 0.03586245  0.02471579  0.02334121 ... -0.01410336  0.004965
   -0.03633938]
  [ 0.00654614  0.02985878 -0.02868205 ... -0.07180592 -0.05124264
   -0.01843033]
  [ 0.01090062  0.06103512 -0.03631945 ... -0.01191394  0.00546235
    0.05278593]
  ...
  [-0.          0.          0.         ...  0.          0.
    0.        ]
  [ 0.         -0.         -0.         ...  0.          0.
    0.        ]
  [ 0.         -0.         -0.         ...  0.         -0.
    0.        ]]

 [[ 0.01767735  0.01042433  0.03035485 ... -0.0439664   0.00446353
    0.03929219]
  [ 0.01228587  0.02248801 -0.02963445 ... -0.06348433  0.02279299
    0.02281335]
  [-0.02583113  0.05244445 -0.00574189 ...  0.00594322  0.00553093
    0.05095307]
  ...
  [-0.         -0.          0.         ... -0.         -0.
   -0.        ]
  [ 0.         -0.          0.         ... -0.         -0.
    0.        ]
  [ 0.          0.          0.         ...  0.          0.
   -0.        ]]]
0.12616265
-0.011584374
0.14725825
-0.0052901865
0.34658408
0.00025287515
0.16700289
0.19102438
-0.004780336
0.051910937
-0.017342417
0.0039174715
0.21454796
0.13370597
-0.21058291
-0.08973606
