[[[ 0.01969777 -0.01430511  0.03719277  0.00204353  0.05073376
    0.03438093  0.07082459 -0.03801754]
  [ 0.02430205 -0.01544928  0.0496439   0.00311066  0.06743285
    0.04587065  0.09540904 -0.04900477]
  [-0.          0.         -0.          0.          0.
    0.         -0.         -0.        ]
  [ 0.02387949 -0.01580613  0.04776233  0.00303179  0.06491254
    0.04421549  0.09089664 -0.04741964]
  [ 0.02424324 -0.01617034  0.04796135  0.0031514   0.06517205
    0.0444733   0.09054817 -0.04759487]
  [ 0.03332054 -0.02056575  0.06707483  0.00543148  0.09038693
    0.06270878  0.1242516  -0.06437929]
  [ 0.          0.         -0.          0.         -0.
   -0.         -0.         -0.        ]
  [-0.          0.         -0.          0.          0.
   -0.         -0.          0.        ]]

 [[ 0.04385084  0.01499327  0.02679177  0.01797691  0.02596762
    0.0220535   0.10382597  0.01533427]
  [ 0.05521843  0.02131718  0.03467166  0.02303715  0.03384394
    0.02884854  0.13033436  0.01866381]
  [-0.         -0.         -0.         -0.          0.
    0.          0.         -0.        ]
  [ 0.05384262  0.02006271  0.03362267  0.02245917  0.03282824
    0.027982    0.1268769   0.01844653]
  [ 0.054368    0.02002847  0.03386486  0.0227422   0.03309866
    0.0282153   0.12778832  0.01886676]
  [ 0.07387713  0.0283735   0.04680683  0.03168505  0.04613143
    0.0397099   0.17264403  0.02598714]
  [-0.         -0.         -0.         -0.         -0.
   -0.         -0.          0.        ]
  [-0.          0.         -0.          0.          0.
    0.          0.         -0.        ]]

 [[ 0.03404932  0.02237744  0.00500894  0.02266316 -0.01064057
   -0.00629708  0.12094545  0.05075299]
  [ 0.04356829  0.02927358  0.00529667  0.02876505 -0.0148959
   -0.00869003  0.15134592  0.06446406]
  [-0.         -0.         -0.         -0.         -0.
    0.          0.          0.        ]
  [ 0.04220504  0.02818712  0.00543471  0.02799479 -0.01404923
   -0.00823909  0.1474153   0.06274214]
  [ 0.04242916  0.02835703  0.00558772  0.02825646 -0.01394629
   -0.00822426  0.14882042  0.06337563]
  [ 0.05740281  0.03864809  0.00708832  0.03852011 -0.0191318
   -0.01122902  0.20144525  0.08651906]
  [-0.         -0.         -0.          0.         -0.
    0.         -0.         -0.        ]
  [-0.         -0.         -0.          0.          0.
   -0.         -0.          0.        ]]]
[[[ 0.03866943 -0.03394653  0.00802606  0.01672751  0.01368747
    0.0169723  -0.0474793   0.01026793]
  [ 0.04885191 -0.0423054   0.01349942  0.02167106  0.02165866
    0.0246015  -0.05009845  0.01039891]
  [-0.          0.          0.         -0.          0.
   -0.         -0.         -0.        ]
  [ 0.04763151 -0.04140285  0.01229932  0.02111259  0.01997159
    0.02320985 -0.05204226  0.01095891]
  [ 0.04812022 -0.04172229  0.01204774  0.02140664  0.0196497
    0.02311447 -0.05418358  0.01159431]
  [ 0.06563096 -0.0561456   0.01841418  0.03029965  0.02894912
    0.03359076 -0.07119901  0.01553124]
  [ 0.         -0.          0.         -0.         -0.
    0.         -0.          0.        ]
  [ 0.          0.         -0.         -0.          0.
    0.         -0.         -0.        ]]

 [[ 0.03419172  0.00302324  0.01998445  0.02720469  0.02606634
    0.02558335 -0.00614465  0.04779729]
  [ 0.04459922  0.00548667  0.02738821  0.03511513  0.03518758
    0.0339705   0.00186249  0.05956911]
  [-0.         -0.          0.         -0.          0.
    0.         -0.         -0.        ]
  [ 0.0430831   0.0048465   0.02615411  0.03411163  0.03375302
    0.03274514 -0.00137099  0.05834524]
  [ 0.04330134  0.00478856  0.02616084  0.0344416   0.03384179
    0.03289913 -0.00315365  0.05913893]
  [ 0.05947881  0.00763137  0.03695627  0.04779078  0.047517
    0.04615219 -0.00299501  0.08045442]
  [ 0.          0.          0.          0.          0.
   -0.          0.         -0.        ]
  [ 0.          0.          0.         -0.         -0.
   -0.         -0.          0.        ]]

 [[-0.00757188  0.02144854  0.0192323   0.01792017  0.02036384
    0.01027396  0.02264345  0.04451833]
  [-0.00706162  0.02794909  0.02449656  0.02354247  0.02489709
    0.01254413  0.03959551  0.05757375]
  [-0.         -0.         -0.         -0.          0.
    0.          0.          0.        ]
  [-0.00757417  0.02691286  0.02387269  0.02272763  0.02456194
    0.01241871  0.0348612   0.05574992]
  [-0.00800093  0.02705053  0.02410716  0.02286294  0.02495067
    0.01263176  0.03314171  0.05614877]
  [-0.00966587  0.03643791  0.03314306  0.03162793  0.03388149
    0.0174915   0.04573968  0.07679103]
  [-0.          0.         -0.         -0.         -0.
    0.         -0.          0.        ]
  [-0.         -0.          0.         -0.          0.
   -0.         -0.         -0.        ]]]
[[[ 0.03618185 -0.02599763 -0.00889457  0.02301596 -0.01082244
    0.00258304 -0.12214036  0.04529074]
  [ 0.04688314 -0.03364728 -0.00967348  0.02994233 -0.01145127
    0.00518291 -0.1552993   0.05665912]
  [-0.          0.          0.         -0.          0.
   -0.          0.          0.        ]
  [ 0.0453681  -0.03255766 -0.0097436   0.02901446 -0.01165475
    0.00461088 -0.15111576  0.05542116]
  [ 0.04563891 -0.032586   -0.00992622  0.02926277 -0.0119334
    0.00448758 -0.15240431  0.05613209]
  [ 0.06261805 -0.04404173 -0.01205694  0.04064974 -0.01458158
    0.0075548  -0.20835364  0.07635567]
  [-0.          0.         -0.          0.         -0.
   -0.          0.          0.        ]
  [ 0.          0.          0.         -0.          0.
   -0.          0.          0.        ]]

 [[ 0.01169756  0.00899455  0.0160882   0.02332713  0.02649008
    0.02803445 -0.10675876  0.04593975]
  [ 0.01691356  0.01162636  0.02208432  0.03089433  0.03540074
    0.03721617 -0.13312137  0.05930047]
  [-0.         -0.         -0.         -0.          0.
   -0.          0.          0.        ]
  [ 0.01594784  0.01123234  0.02113282  0.02977675  0.03404411
    0.03584402 -0.13025308  0.05743826]
  [ 0.01583585  0.01143529  0.02119843  0.02993281  0.03419166
    0.03599705 -0.1317336   0.05785242]
  [ 0.02288732  0.01604556  0.03028036  0.0416548   0.04773869
    0.05028492 -0.17881149  0.0789633 ]
  [-0.          0.         -0.         -0.          0.
   -0.          0.          0.        ]
  [ 0.         -0.         -0.         -0.          0.
    0.         -0.          0.        ]]

 [[-0.0394538   0.02698324  0.02971721  0.0037501   0.04691707
    0.02828425 -0.09531703  0.00771209]
  [-0.04814351  0.0343379   0.03881995  0.00636815  0.05978222
    0.03630859 -0.11471101  0.01233261]
  [-0.         -0.         -0.          0.         -0.
   -0.          0.          0.        ]
  [-0.04726371  0.03328928  0.0376035   0.0058508   0.05817796
    0.03532741 -0.11343497  0.01128622]
  [-0.047847    0.03354216  0.03790161  0.00577715  0.05870782
    0.03565811 -0.11525743  0.01104883]
  [-0.06323786  0.04468282  0.05271792  0.00903734  0.08005165
    0.04934588 -0.15493873  0.01587308]
  [-0.          0.          0.         -0.          0.
    0.         -0.          0.        ]
  [ 0.         -0.         -0.         -0.          0.
   -0.          0.          0.        ]]]
-0.0018364306
0.24086215
-0.07229461
-0.0065948535
-0.18373905
-0.014569548
0.044686373
-0.0048582833
