[[[ 0.03091829  0.05027515  0.          0.04595224  0.04498899
    0.06750947  0.         -0.        ]]

 [[ 0.00127627  0.0108042  -0.          0.0080639   0.00698344
    0.01467082  0.          0.        ]]

 [[-0.00795333 -0.00602365  0.         -0.00655252 -0.00657019
   -0.00764698 -0.          0.        ]]]
[[[ 0.12388024  0.16340491 -0.          0.15765889  0.15849325
    0.2209446  -0.         -0.        ]]

 [[ 0.14504492  0.19167131 -0.          0.18454526  0.18529624
    0.2567504   0.         -0.        ]]

 [[ 0.11265944  0.1491949   0.          0.14334743  0.14384843
    0.1991678  -0.         -0.        ]]]
[[[ 0.11387383  0.14062034 -0.          0.13879894  0.14124945
    0.19530092  0.          0.        ]]

 [[ 0.14932208  0.18543842  0.          0.18223073  0.18493994
    0.25386027  0.          0.        ]]

 [[ 0.12140426  0.15204902  0.          0.1489346   0.15098304
    0.2080341  -0.          0.        ]]]
-0.0005646846
-0.0010261338
-2.1204542e-11
-0.0008849641
0.00022569475
-0.00078187627
-0.056448106
-0.039029855
