[-0.09072219 -0.15742922 -0.30462655  0.06214566  0.25447112 -0.07354975
 -0.5012396   0.13351624  0.00775726  0.17158209]
[-0.35297924 -0.03694689 -0.05433483  0.30903122 -0.3556305  -0.12290969
 -0.7169918  -0.00278335  0.10615189  0.28962824]
[-0.14534296  0.19330066  0.13823454  0.33458814  0.24219713 -1.0118251
 -0.68028635  0.08225184 -0.01176509  0.18007405]
[ 0.4360522   0.43741852 -0.45472825 -0.62047213 -0.8211249  -0.05642847
  0.06384419  0.23028132  0.14281492 -0.09772091]
[-0.07137153 -0.6547487   0.47657022 -0.24558364 -0.1172163   0.1608664
 -0.22862138 -0.47947195  0.27260152  0.21664762]
[-0.5496378  -0.49033454 -0.15328465  0.43537036 -0.1963916   0.39979106
 -0.44803602  0.17245853 -0.5380557   0.19836596]
[ 0.21012878 -0.00547029  0.36249107 -0.4498536   0.05443298 -0.7737031
 -0.47721186  0.22185981 -0.23056407  0.35495552]
[-0.15418011  0.5815176   0.30754468 -0.07259232 -0.49800393  0.2051255
 -0.8387905   0.5784268  -0.7751725  -0.8205749 ]
[-0.05292521  0.23336414 -0.02856468  0.14813524  0.08805031  0.04074108
 -0.12516446 -0.37100878  0.27652153 -0.6104217 ]
[-0.0067022  -0.02443448  0.03537656  0.03977401 -0.00425065 -0.04874973
  0.01816742  0.00226314  0.03986935 -0.00888753]
[ 0.16918632 -0.7758841  -0.20855188  0.10514176 -0.10564531  0.14175217
  0.21603724 -0.25414267  0.16198774 -0.18409531]
[-0.14610448 -0.36282855  0.09444956  0.16426377 -0.35332122 -0.65280604
  0.1725769   0.3606581   0.2908757  -0.19440988]
[ 0.3474197   0.3245682   0.188961    0.07888789 -1.2046629  -0.09397988
 -0.01740136 -0.0272031  -0.02629066 -0.35670087]
[-0.71669227  0.54056823 -0.11700869  0.26542857 -0.05900926  0.39698637
 -1.1127783  -0.50242805 -0.4936815   0.25527996]
[ 0.0200219  -0.09068177  0.25044125 -0.08144909  0.40069446 -0.36351126
  0.21763149 -0.45344824 -0.05922142 -0.01798637]
[ 0.00174668  0.3130922  -0.59403336 -0.27098355 -0.07471458  0.17004836
  0.33015236  0.01817418 -0.250566    0.31009677]
[ 0.21198751  0.21271537  0.31346244 -0.27794525 -0.5750784   0.04381126
  0.24609604  0.03432035 -0.01823935 -0.39735112]
[-0.03793867 -0.00323339  0.18582118  0.20338896  0.50880015 -0.11612558
 -0.05237019  0.3626522  -0.76821727 -0.01753738]
[ 0.08479253 -0.41534206 -0.1670878   0.25787848 -0.7178058   0.15831822
  0.12899701 -0.49086052 -0.04926569  0.290061  ]
[-0.50705516 -0.23849396 -0.15747885 -0.21816447  0.24032013  0.21480338
  0.1546467   0.07078068  0.2069356  -0.12147865]
[-0.5512852   0.33172718  0.3687504  -0.9482424   0.1792141  -0.25732437
  0.30888188  0.31086496 -0.18484406  0.16822119]
[ 0.32823408 -0.07883867  0.6420449  -0.01529333 -0.28970268 -0.1380751
 -0.24561055  0.24917594 -0.12083385 -0.661521  ]
[-0.00284231  0.29672062 -0.5822572  -0.30318508  0.47621414  0.26931137
  0.20625263 -0.07872622 -0.36621815  0.00039961]
[ 0.01998026  0.46752587 -0.20450819  0.13891476 -0.05466059  0.13482562
 -0.12922053  0.82714355 -0.67368245 -0.6201553 ]
0.040504657
0.17185341
-0.027177712
-0.23111814
0.1369091
0.0892741
0.030471958
-0.1028062
-0.04969999
0.031641968
